0 0.669921875 0.6589537037037037 0.061197916666666664 0.19523148148148148
0 0.2552083333333333 0.3891759259259259 0.0234375 0.18806481481481482
0 0.296875 0.40075 0.03125 0.20197222222222222
0 0.3307291666666667 0.4297037037037037 0.0390625 0.2182037037037037
0 0.3548177083333333 0.416962962962963 0.040364583333333336 0.21124074074074073
0 0.23046875 0.3034722222222222 0.033854166666666664 0.11388888888888889
0 0.255859375 0.256 0.016927083333333332 0.08375
0 0.3352864583333333 0.9612314814814816 0.04296875 0.07753703703703703
0 0.458984375 0.9738703703703704 0.040364583333333336 0.05190740740740741
0 0.244140625 0.09620370370370371 0.009114583333333334 0.07436111111111111
0 0.2591145833333333 0.13210185185185183 0.015625 0.05817592592592592