0 0.3031302083333333 0.9406944444444445 0.05658333333333333 0.11860185185185186
0 0.43650520833333334 0.9277037037037037 0.05927604166666667 0.1437037037037037
0 0.6709270833333334 0.6450833333333333 0.041317708333333335 0.1852222222222222
0 0.3525260416666667 0.615537037037037 0.03502604166666667 0.22833333333333333
0 0.39115104166666664 0.5931851851851851 0.04221354166666667 0.2794259259259259
0 0.30268229166666666 0.5756203703703703 0.03233333333333333 0.20917592592592593
0 0.16391666666666668 0.649074074074074 0.0314375 0.3049722222222222
0 0.2945989583333333 0.4183425925925926 0.030536458333333336 0.1820277777777778
0 0.33860416666666665 0.4438888888888889 0.030536458333333336 0.19480555555555554
0 0.1648125 0.4191388888888889 0.0314375 0.20917592592592593
0 0.23172395833333334 0.48061111111111104 0.04490625 0.15967592592592592
0 0.312109375 0.2969907407407407 0.02425 0.14050925925925925
0 0.21953125 0.38831481481481483 0.04691666666666667 0.13455555555555554
0 0.24476041666666667 0.34503703703703703 0.023901041666666668 0.14399074074074072
0 0.258703125 0.30136111111111114 0.011947916666666667 0.10386111111111111
0 0.21643229166666667 0.22858333333333333 0.017703125 0.12196296296296297
0 0.2778333333333334 0.21871296296296297 0.013598958333333333 0.1057037037037037
0 0.29428125 0.21955555555555556 0.012333333333333333 0.1118888888888889
0 0.232453125 0.28252777777777777 0.015182291666666665 0.08826851851851851
0 0.24857812499999998 0.2597592592592593 0.01834375 0.0618425925925926
0 0.24399479166666668 0.2268611111111111 0.011067708333333334 0.05790740740740741
0 0.2662864583333333 0.21921296296296297 0.010166666666666666 0.10057407407407408
0 0.23877083333333332 0.1879814814814815 0.016130208333333333 0.07032407407407408
0 0.25965625000000003 0.20801851851851852 0.010166666666666666 0.08132407407407408
0 0.2318125 0.17875000000000002 0.013260416666666667 0.07071296296296296
0 0.26186458333333335 0.15773148148148147 0.014140624999999999 0.040462962962962964
0 0.244296875 0.1561574074074074 0.010828125 0.027111111111111114
0 0.5358333333333333 0.38896296296296295 0.029552083333333333 0.0995462962962963
0 0.8023281250000001 0.3161481481481481 0.03577604166666667 0.15669444444444444