0 0.6598072916666666 0.8809907407407408 0.05613541666666667 0.23801851851851852
0 0.369625 0.821787037037037 0.03901041666666667 0.35641666666666666
0 0.443359375 0.6184166666666666 0.03044791666666667 0.19324074074074074
0 0.4771354166666667 0.5905092592592592 0.03901041666666667 0.23212962962962963
0 0.304453125 0.4314444444444444 0.028541666666666667 0.1947777777777778
0 0.3372760416666667 0.4255277777777778 0.0256875 0.20324074074074075
0 0.23024479166666667 0.5524166666666667 0.038057291666666666 0.1288888888888889
0 0.22168229166666667 0.6624074074074073 0.024734375 0.16281481481481483
0 0.24166145833333333 0.3614074074074074 0.03234895833333333 0.09868518518518518
0 0.24546875 0.17527777777777778 0.019026041666666667 0.08499999999999999
0 0.27115625 0.16174074074074074 0.022833333333333334 0.10528703703703703
0 0.3272864583333333 0.2783611111111111 0.019026041666666667 0.10850000000000001
0 0.33965625 0.2825462962962963 0.017125 0.09624074074074074