0 0.22632812500000002 0.6339907407407408 0.044286458333333334 0.19392592592592592
0 0.24709375 0.564037037037037 0.05788541666666667 0.18201851851851852
0 0.22764062499999999 0.5994444444444444 0.040765625 0.20303703703703704
0 0.22639583333333332 0.3955740740740741 0.024583333333333336 0.13720370370370372
0 0.24071354166666667 0.3128611111111111 0.027697916666666666 0.10899074074074074
0 0.25269270833333335 0.2287685185185185 0.02178645833333333 0.11894444444444445
0 0.3238020833333334 0.27385185185185185 0.020848958333333334 0.12835185185185186
0 0.31446874999999996 0.2680462962962963 0.023338541666666667 0.11230555555555556
0 0.35912499999999997 0.29571296296296296 0.01991666666666667 0.12669444444444444
0 0.6741770833333334 0.6187222222222223 0.04115104166666667 0.13230555555555554
0 0.24258333333333332 0.13475 0.009963541666666666 0.0729074074074074
0 0.25954166666666667 0.1256574074074074 0.007500000000000001 0.07258333333333333
0 0.24884895833333334 0.08689814814814814 0.009442708333333332 0.059250000000000004
0 0.6921770833333334 0.4279074074074074 0.026291666666666665 0.14183333333333334
0 0.7005625 0.4424074074074074 0.03218229166666667 0.12410185185185185
0 0.5573229166666667 0.3328148148148148 0.03853125 0.1160462962962963
0 0.470515625 0.21556481481481482 0.025385416666666667 0.06043518518518518