0 0.465095168374817 0.7875260416666667 0.04452415812591508 0.1952604166666667
0 0.285307467057101 0.7376041666666667 0.03593704245973646 0.2078515625
0 0.6394216691068815 0.7200390625 0.031442166910688144 0.17494791666666668
0 0.6594143484626647 0.7381380208333334 0.0294289897510981 0.2030078125
0 0.7400878477306003 0.6562760416666666 0.03824304538799415 0.16953125
0 0.4266983894582723 0.5693098958333334 0.02929721815519766 0.155703125
0 0.45691800878477307 0.5526171875 0.023696925329428988 0.13884114583333332
0 0.49168374816983895 0.44136718750000004 0.03467789165446559 0.0783984375
0 0.506537335285505 0.39394531250000003 0.01738653001464129 0.0850390625
0 0.41842606149341144 0.4097916666666667 0.0220497803806735 0.0780859375
0 0.44250366032210836 0.41589843750000005 0.01718887262079063 0.100234375