0 0.7103489583333332 0.8886574074074074 0.04797916666666667 0.22161111111111112
0 0.5514270833333333 0.8970092592592592 0.057703125 0.2059814814814815
0 0.60928125 0.8848518518518519 0.042937499999999997 0.22921296296296298
0 0.6209947916666666 0.9055648148148148 0.039515625000000006 0.18887037037037036
0 0.6470364583333333 0.838 0.037703125 0.24387037037037038
0 0.683609375 0.5715555555555555 0.02273958333333333 0.135
0 0.6143072916666666 0.571462962962963 0.02090625 0.11389814814814815
0 0.6368229166666667 0.5716018518518519 0.017666666666666667 0.10891666666666666
0 0.6577031249999999 0.5735925925925927 0.017817708333333335 0.11418518518518518
0 0.7919114583333333 0.390712962962963 0.008546875 0.07340740740740741
0 0.8060364583333333 0.3927685185185185 0.017390625 0.07751851851851851
0 0.902953125 0.5126388888888889 0.026880208333333332 0.12843518518518518