0 0.672484375 0.6515555555555556 0.03782291666666667 0.1903240740740741
0 0.24415625 0.3668240740740741 0.03901041666666667 0.14774074074074076
0 0.27464583333333337 0.34449074074074076 0.020177083333333335 0.13496296296296295
0 0.33181770833333335 0.33134259259259263 0.016140625 0.1676574074074074
0 0.31141145833333334 0.31578703703703703 0.018385416666666664 0.14770370370370373
0 0.2928072916666667 0.3046203703703704 0.01972916666666667 0.14610185185185184
0 0.22666666666666666 0.3082037037037037 0.018385416666666664 0.09426851851851852
0 0.26276041666666666 0.30342592592592593 0.023317708333333336 0.12935185185185183
0 0.24613541666666666 0.18189814814814814 0.013604166666666667 0.09462037037037037
0 0.25772395833333334 0.19018518518518518 0.012093749999999999 0.09327777777777778
0 0.26666666666666666 0.17987962962962964 0.009322916666666665 0.09506481481481481
0 0.27422395833333335 0.1912685185185185 0.011338541666666667 0.08728703703703704
0 0.22303125000000001 0.1354351851851852 0.013119791666666667 0.046592592592592595
0 0.251171875 0.08600925925925926 0.010078125 0.05056481481481481