0 0.32251830161054174 0.7865234375 0.0442606149341142 0.18165364583333332
0 0.31420937042459735 0.7384895833333333 0.0412298682284041 0.1944010416666667
0 0.24765739385065888 0.65921875 0.05496339677891654 0.18095052083333332
0 0.4119253294289898 0.5820963541666667 0.04224011713030747 0.12825520833333334
0 0.39092240117130306 0.5564322916666666 0.0328696925329429 0.1446484375
0 0.6444436310395314 0.8013020833333333 0.05318448023426062 0.2112109375
0 0.6157759882869692 0.6910677083333333 0.037994143484626645 0.1817578125
0 0.6442166910688141 0.5616666666666666 0.030973645680819915 0.12610677083333333
0 0.8843484626647145 0.5672526041666667 0.0313103953147877 0.12032552083333332
0 0.9568521229868228 0.6105729166666667 0.021332357247437775 0.12235677083333334
0 0.4959663250366032 0.45054687499999996 0.03358711566617863 0.08039062500000001
0 0.5874084919472914 0.5675130208333333 0.027496339677891658 0.12328125000000001
0 0.5559516837481698 0.5512369791666667 0.02760614934114202 0.10145833333333333