0 0.3914739583333333 0.8540833333333333 0.05494270833333333 0.2918425925925926
0 0.33309374999999997 0.8701018518518518 0.07211458333333334 0.25978703703703704
0 0.16354166666666667 0.39375925925925925 0.023177083333333334 0.18619444444444444
0 0.23308333333333334 0.47464814814814815 0.04893229166666667 0.1556759259259259
0 0.3073385416666667 0.3166851851851852 0.022322916666666668 0.15414814814814815
0 0.38417708333333334 0.3113425925925926 0.019744791666666664 0.15262037037037038
0 0.42409375 0.3166851851851852 0.029187499999999998 0.16025
0 0.24038020833333332 0.3121111111111111 0.029187499999999998 0.11141666666666666
0 0.21819791666666666 0.16877777777777778 0.0146875 0.08019444444444444
0 0.24467187499999998 0.1655925925925926 0.015453125000000002 0.09004629629629629
0 0.2568229166666667 0.17728703703703705 0.008588541666666666 0.07701851851851853
0 0.265796875 0.17277777777777778 0.009369791666666665 0.07910185185185185
0 0.273546875 0.1680925925925926 0.012328125 0.09004629629629629
0 0.299171875 0.2227314814814815 0.01834375 0.10962962962962963
0 0.317515625 0.2681851851851852 0.030052083333333333 0.11032407407407407
0 0.24198958333333334 0.09540740740740741 0.010927083333333334 0.05065740740740741
0 0.7485208333333334 0.37036111111111114 0.029067708333333334 0.11197222222222222
0 0.6685833333333334 0.6502777777777777 0.03714583333333333 0.17800000000000002