0 0.6212656249999999 0.5661111111111111 0.02792708333333333 0.11562037037037037
0 0.6541927083333333 0.5632962962962963 0.03286979166666667 0.10999074074074075
0 0.69946875 0.517712962962963 0.023375 0.12013888888888889
0 0.6731458333333333 0.492037037037037 0.018130208333333335 0.12724074074074074
0 0.7531458333333333 0.48100000000000004 0.02059375 0.10846296296296297
0 0.7966302083333333 0.5100648148148148 0.019671875000000002 0.12122222222222222
0 0.7706406250000001 0.5028518518518519 0.016760416666666667 0.11882407407407408
0 0.8244791666666667 0.48182407407407407 0.023984375 0.10080555555555556
0 0.8486510416666667 0.4606388888888889 0.01959375 0.10952777777777778
0 0.8194895833333333 0.4021296296296296 0.018442708333333332 0.06914814814814815
0 0.8050364583333334 0.3526388888888889 0.014895833333333334 0.05280555555555556