0 0.23752604166666666 0.6364907407407407 0.04403125 0.18867592592592594
0 0.22547395833333334 0.5932314814814815 0.04495833333333333 0.19114814814814815
0 0.24331770833333335 0.5643981481481481 0.05005208333333333 0.18621296296296297
0 0.23578125 0.3105740740740741 0.022291666666666664 0.11475925925925926
0 0.24996354166666668 0.2984814814814815 0.024604166666666667 0.15953703703703706
0 0.25488541666666664 0.2611759259259259 0.021708333333333333 0.13328703703703704
0 0.2813697916666667 0.25782407407407404 0.020265625 0.12453703703703704
0 0.2938177083333333 0.29230555555555554 0.018526041666666666 0.11733333333333333
0 0.262265625 0.15722222222222224 0.014473958333333333 0.09726851851851852
0 0.24576562500000002 0.14924074074074076 0.01736979166666667 0.10189814814814814
0 0.24938541666666666 0.09109259259259259 0.014182291666666668 0.061759259259259264
0 0.33000520833333336 0.27275 0.017947916666666668 0.13174074074074074