0 0.22033333333333335 0.6007685185185185 0.04836979166666667 0.2059074074074074
0 0.226546875 0.6370555555555555 0.04482291666666667 0.20117592592592592
0 0.24695833333333334 0.5668425925925926 0.051921875 0.18855555555555553
0 0.5726875 0.27967592592592594 0.014645833333333334 0.08283333333333333
0 0.2751354166666667 0.2635 0.018640625 0.13096296296296295
0 0.2948854166666666 0.26231481481481483 0.017307291666666665 0.13175
0 0.3257291666666667 0.2702037037037037 0.014203125 0.12386111111111112
0 0.23963541666666668 0.30610185185185185 0.023078125 0.1151851851851852
0 0.24806770833333333 0.29348148148148145 0.025739583333333333 0.11360185185185186
0 0.22543749999999999 0.19565740740740742 0.020411458333333334 0.06626851851851852
0 0.2596041666666667 0.13293518518518518 0.012427083333333333 0.06863888888888889