0 0.6158854166666666 0.90565 0.08333333333333333 0.09255000000000001
0 0.17859895833333334 0.4806 0.03747916666666666 0.15990833333333332
0 0.37436458333333333 0.41665833333333335 0.037932291666666666 0.12594999999999998
0 0.44187499999999996 0.4322 0.036578125 0.146925
0 0.4856770833333333 0.43435833333333335 0.023932291666666668 0.09488333333333333
0 0.658859375 0.41412499999999997 0.028 0.125225
0 0.5617708333333333 0.41449166666666665 0.031609375 0.13462500000000002
0 0.5538697916666667 0.396775 0.032963541666666665 0.13099166666666667
0 0.6058020833333334 0.4144833333333333 0.017609375 0.11582500000000001
0 0.6193489583333334 0.418825 0.02664583333333333 0.12161666666666666
0 0.6322187499999999 0.40003333333333335 0.0180625 0.12304166666666667
0 0.6643749999999999 0.7038333333333333 0.06869791666666666 0.2202833333333333