0 0.6179895833333333 0.5768055555555556 0.017864583333333333 0.08346296296296296
0 0.6340364583333333 0.5738333333333333 0.014593749999999999 0.1068611111111111
0 0.6507864583333334 0.5731666666666666 0.0145 0.08142592592592593
0 0.8485625 0.4137314814814815 0.015770833333333335 0.07374074074074075
0 0.5424479166666667 0.6213055555555556 0.044760416666666664 0.059305555555555556
0 0.7144010416666667 0.47579629629629633 0.023270833333333334 0.12065740740740741
0 0.6924583333333333 0.48887962962962966 0.016421875 0.09705555555555555
0 0.6702343749999999 0.4460185185185185 0.015890625000000002 0.05344444444444444
0 0.773875 0.3811666666666667 0.011729166666666667 0.06051851851851852
0 0.8046510416666667 0.3872037037037037 0.014526041666666666 0.06069444444444444
0 0.7952291666666667 0.37897222222222227 0.01353125 0.06539814814814815