0 0.7579895833333333 0.6285092592592593 0.02216145833333333 0.1108888888888889
0 0.785671875 0.6055462962962963 0.033656250000000006 0.1518611111111111
0 0.7343854166666667 0.5772592592592594 0.027583333333333335 0.14653703703703702
0 0.67353125 0.5797407407407408 0.015744791666666667 0.10844444444444445
0 0.6896041666666667 0.5606944444444444 0.018828124999999998 0.15175925925925926
0 0.6386979166666666 0.5606944444444444 0.030609375 0.16741666666666666
0 0.664578125 0.5114537037037037 0.01896875 0.06581481481481481
0 0.6236302083333333 0.5024537037037037 0.030406250000000003 0.0681574074074074
0 0.8351770833333333 0.5004166666666667 0.029083333333333336 0.11358333333333334
0 0.7652447916666667 0.5263888888888889 0.023677083333333335 0.1254537037037037
0 0.7393854166666666 0.51225 0.025296875 0.08249074074074074
0 0.803125 0.39772222222222225 0.020557291666666665 0.08447222222222223
0 0.7480052083333334 0.5026111111111111 0.014739583333333334 0.11662037037037037
0 0.7721927083333333 0.37873148148148145 0.01278125 0.06517592592592593
0 0.7827291666666666 0.3931296296296296 0.015078125 0.07794444444444446
0 0.8538333333333333 0.3848888888888889 0.012302083333333333 0.07214814814814816
0 0.8657708333333333 0.3940925925925926 0.015145833333333332 0.07452777777777778