0 0.6422447916666666 0.8581388888888889 0.05659375 0.2710648148148148
0 0.731015625 0.8076018518518518 0.048239583333333336 0.2246388888888889
0 0.6899010416666667 0.8037037037037037 0.037734375 0.23244444444444443
0 0.6531822916666666 0.7237407407407407 0.033088541666666665 0.08292592592592593
0 0.44254166666666667 0.6480555555555555 0.036286458333333334 0.14753703703703705
0 0.5256979166666667 0.6142222222222222 0.04891145833333333 0.08507407407407407
0 0.6446822916666667 0.5776574074074075 0.022500000000000003 0.10701851851851851
0 0.621 0.5647592592592593 0.027583333333333335 0.09218518518518519
0 0.7394583333333333 0.47879629629629633 0.015791666666666666 0.08157407407407406
0 0.7069270833333333 0.48616666666666664 0.020625 0.12425
0 0.7732500000000001 0.45625925925925925 0.021317708333333334 0.0909537037037037
0 0.8184583333333334 0.40846296296296297 0.0190625 0.09032407407407407
0 0.7910729166666666 0.4040462962962963 0.01534375 0.07588888888888888
0 0.8018958333333334 0.40532407407407406 0.010286458333333333 0.04075
0 0.8517499999999999 0.34898148148148145 0.0068125 0.039490740740740736