0 0.5771822916666667 0.4181944444444444 0.024119791666666668 0.13293518518518518
0 0.5883802083333334 0.41559259259259257 0.021249999999999998 0.1254814814814815
0 0.667921875 0.6592592592592592 0.03790625 0.1882777777777778
0 0.23575520833333333 0.6392962962962964 0.058005208333333336 0.2606574074074074
0 0.16568750000000002 0.5840555555555556 0.031588541666666664 0.3051851851851852
0 0.3115625 0.40037962962962964 0.028140625 0.20347222222222222
0 0.3368333333333334 0.3957777777777778 0.02584375 0.19632407407407407
0 0.34946875 0.37025 0.028140625 0.20447222222222222
0 0.24580208333333334 0.37125925925925923 0.03675520833333333 0.14931481481481482
0 0.228 0.3063888888888889 0.021822916666666668 0.09512962962962962
0 0.242359375 0.15274074074074076 0.014932291666666668 0.07984259259259259
0 0.23919791666666665 0.10166666666666667 0.009765625 0.05528703703703704
0 0.2503958333333333 0.09860185185185184 0.010338541666666668 0.05733333333333333
0 0.4680625 0.2829814814814815 0.01838020833333333 0.13203703703703704