0 0.19002604166666667 0.299925 0.027859375000000002 0.06610833333333334
0 0.2858385416666666 0.2803333333333333 0.027859375000000002 0.07525
0 0.23620312499999999 0.4643583333333334 0.04805729166666666 0.16967500000000002
0 0.25615625 0.38298333333333334 0.005192708333333334 0.006916666666666667
0 0.43820833333333337 0.41464999999999996 0.034395833333333334 0.148125
0 0.453640625 0.42833333333333334 0.028723958333333334 0.15100833333333333
0 0.5711197916666666 0.429225 0.025479166666666667 0.135
0 0.6200572916666667 0.43967500000000004 0.03881770833333333 0.15145
0 0.639796875 0.4643583333333334 0.029359375 0.12519166666666665
0 0.6523802083333333 0.4288833333333333 0.019161458333333332 0.141
0 0.664890625 0.5007416666666666 0.005859375 0.0044083333333333335