0 0.20422401171303076 0.7170703125000001 0.047628111273792094 0.1591796875
0 0.2959150805270864 0.9130859375 0.04705710102489019 0.16138020833333333
0 0.3765519765739385 0.9272135416666667 0.04500732064421669 0.1194921875
0 0.46309663250366034 0.7781380208333334 0.049619326500732065 0.17298177083333333
0 0.4514421669106881 0.5281510416666667 0.019428989751098098 0.11634114583333333
0 0.4715959004392387 0.5298177083333333 0.022781844802342608 0.1187890625
0 0.4948243045387994 0.44458333333333333 0.02613469985358712 0.07231770833333333
0 0.5778696925329428 0.6247265625 0.02644216691068814 0.15356770833333333
0 0.6475475841874084 0.7529036458333334 0.02655197657393851 0.19285156250000002
0 0.6596778916544656 0.6997265625 0.023308931185944362 0.15986979166666668
0 0.7899707174231332 0.9379166666666667 0.03978038067349927 0.0980859375