0 0.45221875 0.6086111111111111 0.03059375 0.16775925925925927
0 0.6708958333333332 0.6216296296296296 0.044812500000000005 0.13251851851851854
0 0.38206249999999997 0.5789907407407406 0.04438541666666666 0.2495092592592593
0 0.343078125 0.5789907407407406 0.032390625 0.2708333333333333
0 0.3151875 0.5720648148148149 0.03178645833333334 0.25057407407407406
0 0.2785989583333333 0.6029814814814815 0.037786458333333335 0.29962962962962963
0 0.22402083333333334 0.6424351851851853 0.04978125 0.193
0 0.24346354166666667 0.5646574074074074 0.04859375 0.18897222222222224
0 0.23359375 0.5527314814814815 0.029359375 0.10933333333333334
0 0.33337500000000003 0.43903703703703706 0.039718750000000004 0.145
0 0.376734375 0.4638333333333333 0.03426041666666667 0.1924351851851852
0 0.22869270833333333 0.3650462962962963 0.02858854166666667 0.10572222222222223
0 0.24170833333333333 0.3128611111111111 0.029609375 0.10935185185185185
0 0.3162395833333333 0.2690740740740741 0.027057291666666667 0.11434259259259259
0 0.25220312500000003 0.18353703703703703 0.014645833333333334 0.09748148148148149
0 0.2690416666666666 0.18137037037037038 0.014807291666666667 0.10239814814814815
0 0.73759375 0.33239814814814816 0.034859375000000005 0.10281481481481482
0 0.7500729166666668 0.45739814814814816 0.032088541666666665 0.14437037037037037