0 0.9330104166666667 0.8361666666666666 0.059359375 0.23997222222222223
0 0.9344947916666667 0.8949444444444444 0.062578125 0.20351851851851852
0 0.79553125 0.6959907407407407 0.05363541666666667 0.1510925925925926
0 0.7889791666666667 0.6733055555555555 0.038302083333333334 0.19867592592592592
0 0.791015625 0.5534629629629629 0.026807291666666667 0.11523148148148149
0 0.7058645833333334 0.5795555555555555 0.028947916666666667 0.1377685185185185
0 0.6715260416666666 0.5080185185185185 0.02014583333333333 0.13137037037037036
0 0.6285364583333333 0.5181666666666667 0.016057291666666664 0.06219444444444445
0 0.6508385416666667 0.5002222222222222 0.018859375 0.10819444444444444
0 0.713921875 0.5308981481481482 0.018781250000000003 0.12100925925925926
0 0.7351041666666667 0.5161481481481482 0.021916666666666664 0.1370185185185185
0 0.7867447916666667 0.4580092592592592 0.021979166666666668 0.09655555555555556
0 0.7639947916666666 0.4604537037037037 0.019130208333333332 0.0984074074074074
0 0.7807708333333333 0.4307962962962963 0.016859375 0.09368518518518519
0 0.8167187499999999 0.32664814814814813 0.009427083333333334 0.03400925925925925
0 0.8326666666666667 0.3199166666666667 0.009760416666666666 0.03569444444444444
0 0.8548958333333334 0.32231481481481483 0.009864583333333335 0.035944444444444446