0 0.4453125 0.7956111111111112 0.049479166666666664 0.3342777777777778
0 0.1875 0.6774907407407408 0.03125 0.19062962962962962
0 0.2981770833333333 0.6323333333333333 0.03125 0.21143518518518517
0 0.3033854166666667 0.46908333333333335 0.0390625 0.24603703703703705
0 0.4615885416666667 0.5825555555555555 0.032552083333333336 0.26002777777777775
0 0.4811197916666667 0.598675925925926 0.03515625 0.22163888888888889
0 0.4296875 0.5825277777777778 0.03125 0.10718518518518519
0 0.23763020833333334 0.3671666666666667 0.02734375 0.1394351851851852
0 0.34375 0.2942222222222222 0.036458333333333336 0.13705555555555557
0 0.21809895833333334 0.26875 0.016927083333333332 0.11387962962962962
0 0.23763020833333334 0.24786111111111112 0.022135416666666668 0.0991851851851852
0 0.265625 0.22012037037037036 0.020833333333333332 0.12774074074074074
0 0.27734375 0.20849074074074073 0.015625 0.1038425925925926
0 0.232421875 0.17262962962962963 0.014322916666666666 0.05127777777777778