0 0.8021302083333333 0.5089537037037036 0.028166666666666666 0.12068518518518519
0 0.8551510416666667 0.4797962962962963 0.025432291666666666 0.10280555555555555
0 0.8763020833333334 0.4805833333333333 0.018296875 0.09733333333333334
0 0.7682864583333333 0.5026574074074074 0.02771875 0.10984259259259259
0 0.7721614583333333 0.4605092592592593 0.0265625 0.07300925925925926
0 0.6814479166666667 0.5643425925925926 0.021156249999999998 0.15059259259259258
0 0.6489791666666667 0.5669259259259259 0.03334375 0.14346296296296296
0 0.6760364583333334 0.48150925925925925 0.025385416666666667 0.11501851851851852
0 0.6162291666666667 0.50275 0.0153125 0.07838888888888888
0 0.7996041666666667 0.38608333333333333 0.011244791666666667 0.06303703703703703
0 0.8165260416666666 0.37910185185185186 0.01146875 0.06137962962962964
0 0.8355052083333334 0.38125 0.010869791666666666 0.055129629629629626
0 0.8644895833333333 0.3916574074074074 0.014447916666666666 0.06362962962962963