0 0.6755364583333333 0.6496574074074074 0.03777083333333333 0.18185185185185185
0 0.33813020833333335 0.904787037037037 0.06319791666666667 0.18119444444444444
0 0.403140625 0.9241574074074075 0.055203125 0.1424537037037037
0 0.4736041666666667 0.8963981481481481 0.065375 0.2057314814814815
0 0.5364322916666667 0.8679907407407407 0.06609895833333333 0.2573796296296297
0 0.34503125 0.3746481481481482 0.030510416666666665 0.18497222222222223
0 0.3072604166666667 0.4230925925925926 0.03631770833333334 0.20955555555555555
0 0.29963541666666665 0.3326388888888889 0.031234374999999998 0.09321296296296297
0 0.26222395833333334 0.33524074074074073 0.030510416666666665 0.15781481481481482
0 0.23861458333333332 0.22929629629629628 0.025421875 0.09312962962962963
0 0.672265625 0.39594444444444443 0.01816145833333333 0.09585185185185185
0 0.6729947916666668 0.38819444444444445 0.02978125 0.12943518518518518
0 0.24363541666666666 0.14444444444444443 0.009979166666666667 0.08806481481481482
0 0.252484375 0.15010185185185188 0.009526041666666667 0.08967592592592592
0 0.262234375 0.1549074074074074 0.011796875 0.08460185185185186
0 0.23011979166666666 0.10949074074074074 0.011098958333333332 0.045203703703703704