0 0.8154166666666666 0.6735925925925926 0.034755208333333336 0.1255740740740741
0 0.7624322916666666 0.6818148148148149 0.023177083333333334 0.19094444444444444
0 0.783078125 0.6515648148148149 0.023114583333333334 0.2016388888888889
0 0.72821875 0.6955925925925927 0.031489583333333335 0.20962037037037035
0 0.6968125000000001 0.6805833333333333 0.025317708333333334 0.19517592592592592
0 0.6214947916666667 0.5688611111111112 0.022828124999999998 0.12696296296296297
0 0.6469583333333334 0.5686296296296296 0.03009895833333333 0.11139814814814815
0 0.7649375 0.4678981481481481 0.026864583333333334 0.11900925925925926
0 0.7182708333333333 0.4772407407407407 0.022604166666666665 0.11989814814814816
0 0.86728125 0.37849074074074074 0.015317708333333334 0.07375925925925926
0 0.8178489583333334 0.3774814814814815 0.018901041666666667 0.06497222222222222
0 0.6898802083333333 0.509287037037037 0.02002083333333333 0.07841666666666666