0 0.3043385416666667 0.39609259259259255 0.030208333333333334 0.1831574074074074
0 0.36804129863238305 0.4757744603776477 0.3648685288165867 0.46466190384296063 0.3696276835402813 0.45901691539371703 0.36867585259554236 0.38732556208832347 0.37184862241133876 0.3720840932753658 0.37692505411661303 0.36248761291165166 0.3747041152455556 0.35119763601316445 0.37216589939291844 0.34385915102914777 0.3731177303376574 0.3370851648900555 0.3731177303376574 0.31563420878292986 0.36328214390868846 0.30434423188444265 0.35820571220341424 0.29192525729610674 0.3515428955902418 0.2992637422801234 0.35312928049814 0.32240819492202216 0.3477355718112861 0.33031117875096316 0.34329369406917115 0.3782935805695337 0.3429764170875915 0.3907125551578696 0.3515428955902418 0.40143803321143245 0.35312928049814 0.45393642578939786 0.3518601725718214 0.4697423934472799 0.3509083416270825 0.47538738189652346 0.3563020503139364 0.47087139113712867 0.3629648669271089 0.4765163795863722
0 0.33488541666666666 0.3808425925925926 0.030140624999999997 0.17450925925925925
0 0.6722628977537113 0.7350900002687866 0.6711018219372108 0.7229413460687116 0.6711018219372108 0.7012506059550764 0.6673283255335847 0.6898887897050768 0.6670380565794596 0.6764611886823502 0.6734239735702116 0.676977634875532 0.6806806974233388 0.6780105272618955 0.6853250006893403 0.6712967267505321 0.6917109176800923 0.6671651572050779 0.6920011866342174 0.6558033409550784 0.6914206487259672 0.6449579708982607 0.6951941451295932 0.6335961546482611 0.6949038761754682 0.6258494617505344 0.6893887660470915 0.6144876455005347 0.6937428003589677 0.6067409526028079 0.6940330693130929 0.596412028739172 0.6893887660470915 0.5845337662959907 0.6853250006893402 0.5829844277164453 0.6867763454599657 0.568523934307355 0.6885179591847163 0.5566456718641737 0.6830028490563396 0.5525141023187194 0.6763266631114624 0.5530305485119013 0.6742947804325868 0.5628430261823553 0.6748753183408369 0.5721390576596276 0.6748753183408369 0.5773035195914455 0.6661672497170843 0.5788528581709909 0.6615229464510828 0.5793693043641728 0.6580397190015816 0.5798857505573546 0.6592007948180821 0.5674910419209914 0.6609424085428326 0.5602607952164463 0.6583299879557069 0.5576785642505374 0.6545564915520806 0.5664581495346279 0.652524608873205 0.5809186429437181 0.6533954157355801 0.591247566807354 0.6592007948180819 0.5927969053868994 0.6635548291299583 0.5969284749323538 0.6687796703042099 0.601060044477808 0.6638450980840834 0.6124218607278077 0.659491063772207 0.6289481389096251 0.6568786431850813 0.6387606165800791 0.6565883742309562 0.6480566480573515 0.6548467605062055 0.6558033409550784 0.6502024572402043 0.649089540443715 0.6516538020108297 0.659418464307351 0.6548467605062057 0.6692309419778051 0.6583299879557067 0.6749118501028049 0.658910525863957 0.6898887897050768 0.6615229464510828 0.7058986216937125 0.6626840222675832 0.7167439917505302 0.6635548291299584 0.7239742384550754 0.6618132154052078 0.7286222541937115 0.6560078363227061 0.7265564694209843 0.659200794818082 0.7343031623187112
0 0.31035416666666665 0.3471388888888889 0.018979166666666665 0.13512962962962963
0 0.29646875 0.29671296296296296 0.03008854166666667 0.09762962962962962
0 0.247984375 0.29259259259259257 0.012729166666666668 0.0951574074074074
0 0.23745312500000001 0.2701851851851852 0.016197916666666666 0.1441574074074074
0 0.24786979166666667 0.1842037037037037 0.01573958333333333 0.10302777777777777
0 0.2648802083333333 0.17617592592592593 0.014119791666666666 0.09519444444444444
0 0.22457291666666668 0.15521296296296297 0.011151041666666667 0.07585185185185185
0 0.2148125 0.16913888888888887 0.011369791666666665 0.07087962962962963
0 0.24151562499999998 0.12644444444444444 0.0077239583333333335 0.06794444444444445
0 0.23186458333333335 0.1215 0.014583333333333334 0.07941666666666666
0 0.2523489583333333 0.09877777777777778 0.0109375 0.06289814814814816
0 0.280765625 0.1885 0.013755208333333333 0.06473148148148147