0 0.7933177083333334 0.5632592592592593 0.043187500000000004 0.1648888888888889
0 0.6757864583333333 0.6400370370370371 0.04035416666666667 0.19005555555555556
0 0.3571875 0.7394722222222222 0.053098958333333335 0.3184444444444445
0 0.2948854166666666 0.701712962962963 0.050265625 0.326
0 0.27364062499999997 0.5846481481481481 0.04177083333333333 0.24795370370370373
0 0.16248437500000001 0.31466666666666665 0.019114583333333334 0.16362962962962962
0 0.17452083333333332 0.3461388888888889 0.024781249999999998 0.15103703703703705
0 0.23889583333333334 0.2997037037037037 0.031177083333333334 0.11144444444444444
0 0.24261979166666667 0.2891574074074074 0.011520833333333334 0.06264814814814815
0 0.3136145833333333 0.2689814814814815 0.016604166666666666 0.08012037037037037
0 0.24380729166666668 0.1728888888888889 0.015250000000000001 0.0879537037037037
0 0.23652083333333335 0.23192592592592592 0.016265625 0.06024074074074074
0 0.250078125 0.0894537037037037 0.009489583333333333 0.054824074074074074
0 0.4778333333333334 0.3282685185185185 0.017489583333333333 0.1481296296296296
0 0.5400677083333334 0.4082777777777778 0.030859375 0.11978703703703704