0 0.313171875 0.4056574074074074 0.03209895833333334 0.21319444444444444
0 0.34403124999999996 0.41916666666666663 0.029114583333333333 0.19244444444444445
0 0.24729166666666666 0.5786851851851852 0.050770833333333334 0.1655185185185185
0 0.23680208333333336 0.5960648148148148 0.03336979166666666 0.11225925925925925
0 0.22478125 0.39705555555555555 0.03623958333333333 0.14096296296296298
0 0.23976041666666664 0.31062962962962964 0.02744791666666667 0.10843518518518519
0 0.24594791666666668 0.29212962962962963 0.03301041666666667 0.10843518518518519
0 0.2793177083333333 0.23425 0.016864583333333336 0.11002777777777778
0 0.2959114583333333 0.24110185185185184 0.015609375 0.10971296296296296
0 0.26659895833333336 0.20954629629629629 0.010734374999999999 0.10835185185185185
0 0.21552083333333333 0.22249074074074074 0.013989583333333333 0.10153703703703704
0 0.25509895833333335 0.21074074074074073 0.016864583333333336 0.11891666666666667
0 0.24072395833333332 0.22828703703703704 0.0115 0.07496296296296295
0 0.23228125000000002 0.21474074074074073 0.0076458333333333335 0.052981481481481484