0 0.12046120058565155 0.7473046874999999 0.024092240117130306 0.18471354166666668
0 0.42360907759882865 0.6664192708333333 0.023308931185944362 0.16393229166666667
0 0.4015446559297218 0.6108203125 0.030863836017569545 0.13829427083333332
0 0.4611566617862372 0.6656770833333333 0.03816251830161054 0.14756510416666666
0 0.5098828696925329 0.6565625 0.03691800878477306 0.1628125
0 0.40447291361639826 0.5228645833333333 0.021837481698389456 0.08515625
0 0.782606149341142 0.7047265625 0.02327232796486091 0.143828125
0 0.8142898975109809 0.7195963541666667 0.03675695461200586 0.14381510416666668
0 0.6622401171303075 0.5927864583333333 0.031449487554904836 0.10595052083333334
0 0.6951830161054173 0.6028125 0.032489019033674967 0.14834635416666667
0 0.7222693997071742 0.6435416666666667 0.026837481698389457 0.14125000000000001
0 0.739311859443631 0.6507942708333333 0.025658857979502195 0.1178125
0 0.46548316251830163 0.49005208333333333 0.03013177159590044 0.13485677083333333
0 0.49660322108345534 0.48807291666666663 0.023740849194729137 0.14579427083333332
0 0.4222547584187408 0.3925 0.023931185944363102 0.096015625