0 0.4977598828696926 0.910703125 0.08366032210834554 0.17130208333333333
0 0.4150805270863836 0.9160937499999999 0.06716691068814055 0.12899739583333333
0 0.2482064421669107 0.7908984375 0.054934114202049786 0.1657421875
0 0.31447291361639823 0.7480859375 0.046800878477306004 0.1796223958333333
0 0.3323133235724744 0.629765625 0.03739385065885798 0.1640625
0 0.3047584187408492 0.6067578125 0.02587847730600293 0.1094921875
0 0.6542606149341142 0.6177604166666667 0.03655929721815519 0.14102864583333333
0 0.49650805270863835 0.4462890625 0.030300146412884334 0.07587239583333334
0 0.40802342606149344 0.3778515625 0.018052708638360174 0.07071614583333334
0 0.5369472913616399 0.5021223958333333 0.019443631039531478 0.11279947916666666
0 0.5588433382137628 0.4990104166666667 0.022335285505124453 0.12119791666666667