0 0.3665364583333333 0.8430833333333333 0.048177083333333336 0.3088425925925926
0 0.4186197916666667 0.9298888888888889 0.055989583333333336 0.13060185185185186
0 0.4485677083333333 0.859287037037037 0.045572916666666664 0.26717592592592593
0 0.4947916666666667 0.9055833333333333 0.06510416666666667 0.1838425925925926
0 0.34765625 0.5142222222222222 0.059895833333333336 0.21132407407407405
0 0.24544270833333334 0.37642592592592594 0.045572916666666664 0.14405555555555558
0 0.23046875 0.3034722222222222 0.026041666666666668 0.08147222222222222
0 0.6614583333333334 0.46325925925925926 0.028645833333333332 0.12328703703703704
0 0.6751302083333334 0.6577962962962962 0.045572916666666664 0.19290740740740742
0 0.728515625 0.6357962962962963 0.048177083333333336 0.17668518518518517
0 0.7454427083333334 0.6080185185185185 0.048177083333333336 0.2276111111111111
0 0.6907552083333334 0.39378703703703705 0.037760416666666664 0.12786111111111112