0 0.22732812500000002 0.6390277777777778 0.04449479166666667 0.1988425925925926
0 0.24644791666666668 0.5660833333333334 0.052140625 0.18159259259259258
0 0.22767708333333334 0.5976111111111111 0.035453124999999995 0.19516666666666665
0 0.3274375 0.2677037037037037 0.018072916666666668 0.13321296296296298
0 0.24435937500000002 0.294287037037037 0.032671874999999996 0.11712037037037036
0 0.24018750000000003 0.306037037037037 0.029895833333333333 0.1084537037037037
0 0.22453645833333333 0.19352777777777777 0.020833333333333332 0.06869444444444445
0 0.23842708333333332 0.16474074074074072 0.015046875 0.08566666666666667
0 0.24305729166666667 0.1441574074074074 0.010416666666666666 0.07535185185185185
0 0.256078125 0.15030555555555555 0.012151041666666666 0.07490740740740741
0 0.27858854166666663 0.1638240740740741 0.022010416666666664 0.09039814814814814