0 0.6833906249999999 0.9482037037037037 0.06200520833333333 0.10092592592592593
0 0.5933697916666667 0.9521111111111111 0.05965104166666667 0.08862962962962963
0 0.5342916666666666 0.9576481481481481 0.055796874999999996 0.07756481481481481
0 0.73090625 0.5123796296296297 0.023494791666666667 0.14271296296296296
0 0.7728802083333334 0.46066666666666667 0.0225625 0.10972222222222222
0 0.6688124999999999 0.5620648148148147 0.018135416666666668 0.15961111111111112
0 0.6453229166666666 0.5618425925925925 0.03114583333333333 0.1511111111111111
0 0.6801614583333334 0.5223240740740741 0.01933333333333333 0.11835185185185185
0 0.8008645833333333 0.3527314814814815 0.010624999999999999 0.0527962962962963
0 0.8160208333333333 0.3606111111111111 0.009244791666666667 0.05045370370370371
0 0.8276510416666666 0.3478148148148148 0.009880208333333333 0.046981481481481485