0 0.1851537335285505 0.8576432291666666 0.044245973645680815 0.2071484375
0 0.11536603221083455 0.8725260416666667 0.04899707174231333 0.10298177083333333
0 0.07509516837481699 0.7227734375 0.04584187408491947 0.17921874999999998
0 0.31447291361639823 0.6119140625 0.035153733528550515 0.17352864583333336
0 0.32071742313323576 0.6495963541666666 0.028828696925329432 0.1519140625
0 0.4033528550512445 0.5639192708333333 0.03094436310395315 0.1330859375
0 0.46671303074670567 0.50109375 0.01917276720351391 0.13296875
0 0.4613689604685212 0.5508333333333334 0.022408491947291363 0.14195312499999999
0 0.4363543191800878 0.5111067708333333 0.03002196193265007 0.13533854166666667
0 0.6969546120058565 0.6773958333333333 0.032503660322108344 0.16658854166666667
0 0.7410029282576867 0.6524869791666666 0.032745241581259146 0.15026041666666667
0 0.5928257686676427 0.5954427083333333 0.029216691068814055 0.14032552083333333
0 0.4980966325036603 0.3876953125 0.016713030746705708 0.07205729166666668
0 0.8495021961932651 0.9264843749999999 0.04453879941434846 0.13147135416666667