0 0.6742291666666667 0.6464814814814815 0.03293229166666666 0.19353703703703704
0 0.538375 0.3813796296296296 0.028359375000000003 0.07643518518518519
0 0.44231770833333334 0.35779629629629633 0.024697916666666667 0.15287962962962964
0 0.235109375 0.4748981481481481 0.049401041666666666 0.15287962962962964
0 0.22779166666666667 0.3895092592592593 0.03293229166666666 0.11872222222222222
0 0.24265104166666665 0.30067592592592596 0.02615625 0.1198611111111111
0 0.24817708333333333 0.2831111111111111 0.015109375000000001 0.059925925925925924
0 0.24119791666666668 0.24643518518518517 0.025572916666666667 0.08782407407407407
0 0.2542760416666667 0.2288611111111111 0.02034375 0.12088888888888889
0 0.24236458333333333 0.15034259259259258 0.017437499999999998 0.08162962962962962
0 0.259796875 0.15188888888888888 0.015109375000000001 0.06819444444444445
0 0.31472395833333333 0.2727777777777778 0.016854166666666667 0.07646296296296295