0 0.67034375 0.6845185185185185 0.03675520833333333 0.18982407407407406
0 0.699515625 0.6852407407407407 0.04093229166666667 0.18014814814814814
0 0.7266614583333334 0.693574074074074 0.03063541666666667 0.16348148148148148
0 0.7722135416666667 0.6359537037037037 0.05298958333333333 0.15935185185185186
0 0.7388750000000001 0.5718425925925926 0.0363125 0.09410185185185185
0 0.78778125 0.5433425925925925 0.040375 0.08524999999999999
0 0.8956927083333334 0.863037037037037 0.05352604166666666 0.22642592592592592
0 0.9156510416666667 0.8954814814814814 0.06988541666666667 0.18246296296296297
0 0.9429635416666666 0.8998425925925926 0.07153125 0.15978703703703703
0 0.9108072916666666 0.739037037037037 0.05078125 0.12078703703703703
0 0.9508177083333333 0.7544537037037037 0.05190625 0.0992685185185185
0 0.9363906249999999 0.9385185185185185 0.05719791666666666 0.11572222222222223