0 0.6724270833333333 0.6205555555555556 0.0465 0.1272685185185185
0 0.4215677083333333 0.4089907407407407 0.03671354166666666 0.20014814814814816
0 0.32153125 0.5014444444444444 0.032427083333333336 0.23712962962962966
0 0.22516145833333334 0.6412222222222222 0.050171875 0.19687962962962963
0 0.2471875 0.5661666666666667 0.057515625 0.1881759259259259
0 0.23403645833333334 0.5503981481481481 0.028755208333333334 0.09789814814814815
0 0.22699999999999998 0.3964814814814815 0.03548958333333333 0.1468425925925926
0 0.17866145833333333 0.3426388888888889 0.029369791666666666 0.16533333333333333
0 0.256671875 0.3458981481481481 0.026307291666666666 0.17621296296296296
0 0.23617708333333332 0.3029351851851852 0.02325 0.09462962962962963
0 0.24259895833333334 0.19687962962962963 0.017744791666666666 0.10225000000000001
0 0.2578958333333333 0.15228703703703703 0.014072916666666666 0.08919444444444444
0 0.2704375 0.15282407407407408 0.014682291666666668 0.09462962962962963
0 0.31235416666666665 0.2713888888888889 0.022640625 0.11203703703703703
0 0.32886979166666663 0.2746574074074074 0.017744791666666666 0.12291666666666666