0 0.3979062957540263 0.7913932291666667 0.03898975109809663 0.19212239583333335
0 0.24667642752562224 0.9453125 0.03750366032210834 0.109375
0 0.18463396778916547 0.7236197916666667 0.03371888726207906 0.16610677083333333
0 0.7409882869692533 0.9094140624999999 0.05995607613469986 0.18117187499999998
0 0.6805710102489019 0.7974348958333333 0.0495095168374817 0.1891796875
0 0.7148682284040996 0.748359375 0.036156661786237186 0.1368359375
0 0.6250805270863836 0.6707682291666667 0.037254758418740846 0.13139322916666665
0 0.5669692532942899 0.6879036458333333 0.027327964860907758 0.10307291666666667
0 0.5860102489019033 0.6072786458333334 0.044224011713030746 0.14238281249999998
0 0.4990117130307467 0.5262109375 0.029377745241581262 0.08440104166666666
0 0.4593997071742313 0.411953125 0.027115666178623717 0.1046875
0 0.40234260614934114 0.6359374999999999 0.04428989751098097 0.15449218750000002