0 0.673453125 0.6174814814814815 0.04323958333333333 0.13147222222222224
0 0.5659635416666667 0.8277314814814816 0.05697916666666667 0.33887962962962964
0 0.5698020833333334 0.9023425925925925 0.038796874999999995 0.1824814814814815
0 0.42694791666666665 0.7457222222222222 0.05697916666666667 0.30317592592592596
0 0.34465104166666666 0.43374074074074076 0.03271875 0.21425925925925926
0 0.3108125 0.4402037037037037 0.033276041666666666 0.20630555555555555
0 0.22440625 0.6360740740740741 0.04446354166666667 0.19437962962962962
0 0.243421875 0.5664814814814815 0.04949479166666667 0.1854259259259259
0 0.23405208333333333 0.555787037037037 0.029640624999999997 0.11632407407407407
0 0.23015624999999998 0.36109259259259263 0.0239375 0.09042592592592592
0 0.240859375 0.31260185185185185 0.028770833333333336 0.10884259259259259
0 0.3175 0.2700555555555556 0.028770833333333336 0.10637962962962963
0 0.31715625000000003 0.27721296296296294 0.015651041666666667 0.1231574074074074
0 0.2225625 0.16877777777777778 0.011510416666666667 0.09778703703703703
0 0.2505833333333333 0.09133333333333334 0.0069947916666666665 0.04975925925925926