0 0.4710322108345534 0.7141666666666667 0.04453147877013177 0.18444010416666667
0 0.5060102489019034 0.6137890625 0.03273060029282577 0.17399739583333332
0 0.5478404099560762 0.6264322916666667 0.034202049780380675 0.1888671875
0 0.4015446559297218 0.8334114583333333 0.03773060029282577 0.17795572916666666
0 0.25295021961932646 0.9410286458333333 0.031654465592972185 0.11792968749999999
0 0.19135431918008783 0.7796614583333333 0.033931185944363104 0.17837239583333334
0 0.24970717423133237 0.69765625 0.03854319180087848 0.15200520833333334
0 0.2571303074670571 0.806640625 0.026625183016105416 0.100625
0 0.4063396778916544 0.5625260416666666 0.024641288433382137 0.14779947916666666
0 0.442701317715959 0.5726041666666667 0.036691068814055636 0.15450520833333334
0 0.464289897510981 0.48063802083333335 0.029795021961932653 0.11605468749999999