0 0.34706442166910684 0.9066276041666667 0.050900439238653 0.1867578125
0 0.5756588579795022 0.9468098958333333 0.04633967789165446 0.10638020833333334
0 0.5979355783308931 0.8044010416666666 0.05742313323572474 0.16459635416666665
0 0.4838433382137628 0.7448828125000001 0.04506588579795022 0.16462239583333335
0 0.5669765739385066 0.6390364583333333 0.04403367496339678 0.15092447916666665
0 0.3968374816983895 0.7901041666666666 0.031918008784773064 0.18723958333333335
0 0.4297803806734993 0.745625 0.03397510980966325 0.19587239583333335
0 0.34169106881405564 0.6496614583333333 0.026061493411420205 0.1200390625
0 0.4358418740849195 0.6372265625 0.024165446559297216 0.10927083333333333
0 0.4664860907759883 0.6214192708333334 0.04213762811127379 0.1408984375
0 0.3903587115666179 0.62234375 0.02706442166910688 0.15390625
0 0.35636896046852123 0.5831119791666667 0.032547584187408496 0.11636718750000001
0 0.8767715959004393 0.80515625 0.049619326500732065 0.16307291666666665
0 0.6656954612005856 0.5826432291666667 0.039033674963396776 0.124921875
0 0.474194729136164 0.49126302083333334 0.027430453879941433 0.1215625