0 0.23811458333333332 0.26775 0.016760416666666667 0.14812037037037037
0 0.24575520833333334 0.2931666666666667 0.01528125 0.09903703703703703
0 0.2896354166666667 0.2962314814814815 0.028098958333333333 0.1665185185185185
0 0.26104166666666667 0.2177962962962963 0.021197916666666667 0.11831481481481482
0 0.28346875 0.2134074074074074 0.018734375 0.09728703703703703
0 0.2985052083333333 0.2524166666666667 0.020213541666666668 0.11218518518518518
0 0.3160104166666667 0.27344444444444443 0.01971875 0.07887962962962963
0 0.6746614583333332 0.644611111111111 0.04091666666666667 0.16739814814814813
0 0.5844427083333333 0.42637962962962966 0.035 0.17966666666666667
0 0.6970937500000001 0.344 0.029578125 0.13935185185185187
0 0.693640625 0.31200925925925926 0.022677083333333334 0.06310185185185185
0 0.6201822916666667 0.39132407407407405 0.029578125 0.1305925925925926
0 0.601203125 0.3908888888888889 0.032046875 0.13497222222222224
0 0.6534635416666668 0.3260277777777778 0.03598958333333333 0.11218518518518518
0 0.530953125 0.23400925925925925 0.02169270833333333 0.04206481481481481
0 0.23275520833333332 0.1401111111111111 0.012020833333333333 0.07527777777777778
0 0.24901041666666668 0.14424074074074075 0.011744791666666667 0.06508333333333334
0 0.24218229166666666 0.1032037037037037 0.009015625 0.04516666666666667
0 0.2599375 0.14205555555555555 0.00846875 0.03448148148148148
0 0.2526979166666667 0.1202037037037037 0.008197916666666668 0.04031481481481482
0 0.45948958333333334 0.22249074074074074 0.019348958333333333 0.07810185185185185