0 0.41294289897510983 0.8069921875 0.040453879941434845 0.19212239583333335
0 0.3659882869692533 0.7499088541666666 0.03505124450951684 0.20813802083333333
0 0.3902562225475842 0.7116015625 0.03355051244509517 0.18361979166666667
0 0.38523426061493415 0.5868229166666666 0.03170571010248902 0.1535546875
0 0.4122108345534407 0.588125 0.02727672035139092 0.145
0 0.5469033674963397 0.7039713541666667 0.05072474377745242 0.17208333333333334
0 0.5833967789165446 0.7283333333333334 0.04675695461200585 0.16501302083333333
0 0.6620351390922401 0.7551171874999999 0.0400805270863836 0.15904947916666667
0 0.63400439238653 0.6978385416666667 0.029363103953147878 0.16354166666666667
0 0.782606149341142 0.9103385416666666 0.04365300146412884 0.17930989583333334
0 0.7510980966325037 0.6513151041666666 0.017840409956076136 0.13716145833333335
0 0.7879428989751097 0.6634375 0.0392606149341142 0.15798177083333334
0 0.6696705710102488 0.5970572916666667 0.03527086383601757 0.11821614583333334
0 0.4430600292825769 0.5462890625 0.028140556368960467 0.1245703125
0 0.46795021961932654 0.5368098958333333 0.023535871156661784 0.1167578125
0 0.48980234260614935 0.560234375 0.026874084919472914 0.12641927083333335