0 0.66896875 0.6639907407407407 0.04134375 0.19673148148148148
0 0.42442708333333334 0.7509259259259259 0.044859375 0.33055555555555555
0 0.35405729166666666 0.7532685185185185 0.05190104166666667 0.31960185185185186
0 0.29380208333333335 0.6414074074074074 0.04222395833333333 0.31169444444444444
0 0.2977604166666667 0.5811481481481481 0.027270833333333334 0.1536388888888889
0 0.31683333333333336 0.3832777777777778 0.015817708333333333 0.15016666666666667
0 0.33294270833333334 0.3707314814814815 0.021989583333333333 0.17380555555555557
0 0.29750000000000004 0.3574907407407407 0.02197395833333333 0.1814074074074074
0 0.230265625 0.2946111111111111 0.02109375 0.0697037037037037
0 0.24344791666666668 0.2918888888888889 0.015817708333333333 0.13457407407407407
0 0.23704166666666668 0.21778703703703706 0.015125 0.0710925925925926
0 0.2793645833333333 0.20949074074074073 0.01609375 0.09913888888888889
0 0.250078125 0.18774074074074074 0.01609375 0.09338888888888888
0 0.239296875 0.12649074074074076 0.011265625 0.07159259259259258
0 0.25104166666666666 0.12562962962962965 0.010942708333333334 0.06758333333333333
0 0.26053645833333333 0.1262037037037037 0.011265625 0.06758333333333333
0 0.457671875 0.28217592592592594 0.02059895833333333 0.11976851851851851