0 0.20404831625183018 0.7729947916666666 0.051691068814055635 0.19200520833333334
0 0.254194729136164 0.8267447916666667 0.0557320644216691 0.21552083333333336
0 0.3478404099560761 0.8134114583333334 0.06788433382137628 0.18605468749999998
0 0.5127013177159591 0.7891666666666667 0.05206442166910689 0.19088541666666667
0 0.4877159590043924 0.7823828125 0.033645680819912156 0.12959635416666668
0 0.5064128843338214 0.6392838541666667 0.033169838945827236 0.14088541666666668
0 0.7017057101024889 0.7082942708333334 0.03383601756954612 0.1719401041666667
0 0.7401830161054173 0.7375260416666666 0.032093704245973645 0.19704427083333334
0 0.7799560761346999 0.7836588541666667 0.0375402635431918 0.16415364583333333
0 0.8079062957540263 0.8049348958333334 0.03991215226939971 0.16338541666666667
0 0.8767862371888726 0.7654036458333334 0.038711566617862375 0.17694010416666664
0 0.9440849194729135 0.8311588541666667 0.04714494875549049 0.19067708333333333
0 0.7849926793557833 0.645 0.034948755490483166 0.09203125000000001
0 0.7384626647144948 0.6158333333333333 0.03445095168374817 0.09669270833333334
0 0.45349194729136166 0.5135416666666667 0.026734992679355786 0.11951822916666667
0 0.44968521229868225 0.4802473958333333 0.02384333821376281 0.11748697916666667
0 0.4976354319180088 0.446015625 0.03139824304538799 0.07989583333333333