0 0.1394875549048316 0.8151822916666666 0.046383601756954614 0.14897135416666665
0 0.1664641288433382 0.7389453125 0.03759882869692533 0.12298177083333334
0 0.18476573938506588 0.6935546874999999 0.03246705710102489 0.21078125
0 0.06733528550512445 0.7746484374999999 0.04012445095168375 0.164609375
0 0.09169838945827233 0.775390625 0.021998535871156664 0.16609375
0 0.5091508052708639 0.5961197916666666 0.026456808199121523 0.16471354166666666
0 0.3983016105417277 0.5457291666666667 0.027906295754026353 0.1494921875
0 0.7830234260614933 0.7099348958333334 0.03247437774524158 0.15423177083333334
0 0.8152342606149341 0.7322395833333334 0.0369692532942899 0.15421875
0 0.7399414348462665 0.6764583333333333 0.021603221083455346 0.11705729166666667
0 0.656493411420205 0.6199218750000001 0.017855051244509517 0.13791666666666666
0 0.6899560761346999 0.5974348958333333 0.03234260614934114 0.1115234375
0 0.49472181551976574 0.4480989583333333 0.031683748169838946 0.09188802083333332