0 0.17447916666666666 0.35088888888888886 0.028645833333333332 0.1809537037037037
0 0.23828125 0.3728796296296296 0.036458333333333336 0.13697222222222222
0 0.5091145833333334 0.6913333333333334 0.041666666666666664 0.31090740740740735
0 0.5801041666666666 0.44080555555555556 0.03478645833333334 0.18737962962962965
0 0.45008333333333334 0.5823518518518519 0.039135416666666666 0.26637962962962963
0 0.42833854166666663 0.5776759259259259 0.020005208333333333 0.10550925925925926
0 0.4783489583333333 0.5923055555555556 0.03478645833333334 0.22085185185185185
0 0.2265625 0.31169444444444444 0.020005208333333333 0.09924074074074074
0 0.25352604166666665 0.31480555555555556 0.028703125 0.1549259259259259
0 0.32768749999999996 0.2857314814814815 0.02746875 0.07699074074074075
0 0.229734375 0.11812037037037036 0.013609375 0.06519444444444444
0 0.24991666666666665 0.10141666666666667 0.011734375 0.05893518518518518
0 0.2598489583333333 0.10836111111111112 0.008729166666666668 0.04381481481481481