0 0.7898177083333333 0.6018425925925927 0.031364583333333335 0.16153703703703703
0 0.6474479166666666 0.5774074074074075 0.023661458333333333 0.11042592592592593
0 0.6161302083333333 0.5646666666666667 0.035671875 0.12091666666666667
0 0.8945104166666666 0.5054444444444445 0.022114583333333333 0.12073148148148147
0 0.6883645833333334 0.5146759259259259 0.021307291666666665 0.0805
0 0.6703697916666667 0.5011296296296297 0.023416666666666665 0.0925462962962963
0 0.793765625 0.44919444444444445 0.012822916666666666 0.09102777777777778
0 0.808328125 0.45337962962962963 0.015692708333333333 0.08433333333333333
0 0.819828125 0.46901851851851856 0.020921875 0.09153703703703704
0 0.7547916666666666 0.43589814814814815 0.022078125 0.08249074074074074
0 0.7599895833333333 0.4526296296296296 0.016385416666666666 0.08584259259259258
0 0.7818906250000001 0.45107407407407407 0.018697916666666665 0.08725925925925926
0 0.81265625 0.3640555555555556 0.010802083333333332 0.047185185185185184
0 0.8240364583333334 0.3690277777777778 0.013843749999999998 0.04974074074074074
0 0.7801458333333334 0.39935185185185185 0.020296875 0.018425925925925925
0 0.7102552083333333 0.47586111111111107 0.021442708333333334 0.08327777777777777
0 0.6920885416666667 0.46174074074074073 0.018817708333333336 0.05025