0 0.42850658857979507 0.3095442708333333 0.026486090775988288 0.1284765625
0 0.5064348462664714 0.2958984375 0.019092240117130305 0.11908854166666666
0 0.5228989751098096 0.4084765625 0.04565885797950219 0.15665364583333333
0 0.36480234260614935 0.47259114583333334 0.023111273792093705 0.17079427083333332
0 0.34568814055636893 0.46805989583333335 0.023052708638360175 0.15890625
0 0.561185944363104 0.442578125 0.030014641288433383 0.09424479166666666
0 0.3269803440685044 0.6711267748412344 0.3240780507599612 0.6648420588159357 0.32113863686234617 0.6570001536456676 0.3186191507691286 0.6495316637399204 0.317359401955865 0.64019605648594 0.3142100472226705 0.6353415349702823 0.31295029840940686 0.6342212584074982 0.3171494495869759 0.6256325021953738 0.320718732124568 0.6200311347660635 0.31966893568019344 0.603227037606336 0.3213486007645449 0.5968788191351696 0.3205087682223692 0.5916508823549907 0.3158897007737123 0.5879166374021172 0.31358016704938385 0.5819418444518788 0.3091710635029257 0.5782076020631071 0.30121693135138317 0.5779149601125197 0.2991173615292535 0.5853834500182667 0.29638791153383715 0.5980798767041927 0.29680782780492504 0.6100294626046695 0.29827752898707777 0.6171245269894885 0.2978576127159899 0.620485346421434 0.29470825221614055 0.620485346421434 0.29092901730965937 0.6227258892905954 0.28903939985641885 0.633928624149216 0.2867298661320904 0.6406502630131071 0.2837904580011302 0.6529732641781049 0.2833705474966971 0.6619354561675642 0.284210374272218 0.6768724359790586 0.284210374272218 0.6981576188771087 0.28463029054330585 0.7082400771729452 0.28819956731424307 0.7175756844269255 0.2959679952627493 0.723764275543898 0.306465867440017 0.730859339928717 0.3159139547062199 0.730485914407789 0.3268317546878851 0.730112488886861 0.33250060704760687 0.7252579776276101 0.33544000941191227 0.737954414569943 0.33544000941191227 0.7513976922977251 0.3366997466918662 0.7667080873737403 0.33816945940732857 0.777910811975954 0.33606987805188926 0.7891135570909817 0.34593788158918 0.7786576630178103 0.3560158374953598 0.7674549384155965 0.35832537121968827 0.7603598637743705 0.35307643513105447 0.7543850759523356 0.35034698513563817 0.7562521933005688 0.3467777141313558 0.7536382249104795 0.34845736768239755 0.7286187970595557 0.3497171164956612 0.7181629132427911 0.3471976304024436 0.7069601783841705 0.3436283478648516 0.703972784473153 0.34530801294920305 0.697251145609262 0.34194869431380975 0.69762457113019 0.3371196629629541 0.6965042945674059
0 0.35284773060029284 0.6789192708333333 0.06302342606149341 0.20845052083333335
0 0.18341142020497803 0.8645312500000001 0.10002196193265007 0.2709375
0 0.7063762811127379 0.5431770833333334 0.062701317715959 0.16682291666666668
0 0.19633967789165446 0.24083333333333334 0.01685944363103953 0.08459635416666667