0 0.5007906295754027 0.6727734375000001 0.03137628111273792 0.1740625
0 0.44671303074670576 0.4579947916666667 0.024641288433382137 0.11397135416666666
0 0.47546120058565156 0.4637760416666667 0.02459736456808199 0.10819010416666668
0 0.4981918008784773 0.4437890625 0.03007320644216691 0.07686197916666666
0 0.7661566617862371 0.7218098958333333 0.03781844802342606 0.1639453125
0 0.8046998535871157 0.77578125 0.0395900439238653 0.15182291666666667
0 0.8222401171303075 0.6502083333333334 0.029143484626647148 0.13877604166666666
0 0.8316251830161054 0.6916145833333333 0.029092240117130307 0.12645833333333334
0 0.8680234260614934 0.5829557291666666 0.02562957540263543 0.13817708333333334
0 0.8418594436310396 0.536171875 0.021830161054172768 0.1044921875
0 0.9664787701317716 0.5381770833333334 0.022467057101024892 0.09264322916666667
0 0.894194729136164 0.5046484375 0.019531478770131772 0.05201822916666667
0 0.8942459736456808 0.47821614583333333 0.015014641288433384 0.07942708333333333
0 0.8539677891654466 0.522421875 0.016325036603221085 0.11045572916666667