0 0.9398645833333333 0.776962962962963 0.04111979166666667 0.20549074074074075
0 0.902046875 0.7446851851851852 0.031119791666666667 0.19675
0 0.9220260416666667 0.6225370370370371 0.02921875 0.13846296296296295
0 0.8161666666666666 0.4423425925925926 0.02296875 0.10443518518518519
0 0.649734375 0.5791851851851851 0.024932291666666665 0.09573148148148149
0 0.6230416666666667 0.5716759259259259 0.019109374999999998 0.0976111111111111
0 0.7813541666666667 0.38723148148148145 0.012317708333333333 0.06862962962962964
0 0.7959166666666667 0.37717592592592597 0.013854166666666667 0.07558333333333334
0 0.8533437500000001 0.42383333333333334 0.017411458333333334 0.07249074074074074
0 0.8103958333333333 0.3866666666666667 0.012380208333333333 0.06412037037037037
0 0.8335416666666667 0.40209259259259256 0.016447916666666666 0.07408333333333333