0 0.77978125 0.48819444444444443 0.023 0.12685185185185185
0 0.8760208333333334 0.4977037037037037 0.022984375 0.11808333333333333
0 0.616296875 0.5685925925925926 0.025671875 0.1165462962962963
0 0.638375 0.5744722222222222 0.025213541666666665 0.11333333333333334
0 0.65671875 0.5703055555555555 0.023411458333333336 0.09430555555555555
0 0.6768125 0.576925925925926 0.028953125000000003 0.13749074074074075
0 0.57203125 0.8936481481481481 0.05203125 0.21271296296296296
0 0.4940729166666667 0.9225185185185185 0.05191666666666667 0.15496296296296297
0 0.5362395833333333 0.94925 0.03494791666666666 0.10149074074074074
0 0.918078125 0.5824259259259259 0.030104166666666664 0.14421296296296296
0 0.9077916666666667 0.8961944444444444 0.0631875 0.19214814814814815
0 0.923015625 0.9685 0.053864583333333334 0.06299074074074074