0 0.49289583333333337 0.8795277777777778 0.03548958333333333 0.23917592592592593
0 0.5367604166666666 0.8347222222222223 0.03505729166666667 0.21795370370370368
0 0.6702135416666667 0.9099999999999999 0.05673958333333333 0.17189814814814816
0 0.6025729166666667 0.9027962962962963 0.05128645833333333 0.18313888888888888
0 0.584359375 0.8396296296296296 0.04852083333333333 0.14797222222222223
0 0.898015625 0.8227685185185185 0.06194270833333334 0.2481851851851852
0 0.762671875 0.4849166666666667 0.022786458333333332 0.1101388888888889
0 0.6189374999999999 0.5735092592592592 0.020072916666666666 0.10426851851851852
0 0.6369166666666667 0.5725 0.022385416666666665 0.10782407407407407
0 0.6560729166666667 0.5755185185185184 0.014515625 0.11107407407407408
0 0.6730572916666666 0.5779444444444444 0.018572916666666665 0.13037962962962962
0 0.8069375 0.34958333333333336 0.009421875 0.052981481481481484
0 0.8187656249999999 0.3507685185185185 0.010755208333333332 0.054564814814814816
0 0.9441927083333332 0.6727037037037037 0.031057291666666667 0.18150000000000002