0 0.9399739583333333 0.9326481481481481 0.06090625 0.1347037037037037
0 0.9839322916666667 0.9506666666666667 0.028484375 0.0933611111111111
0 0.6899479166666667 0.5156296296296297 0.017364583333333336 0.07924074074074074
0 0.6692916666666666 0.5026759259259259 0.023682291666666667 0.0892037037037037
0 0.8437916666666666 0.45431481481481484 0.018307291666666666 0.10298148148148148
0 0.8769375 0.49298148148148146 0.018406250000000002 0.09422222222222222
0 0.8990260416666668 0.49094444444444446 0.02218229166666667 0.11221296296296296
0 0.7032916666666666 0.4329444444444444 0.023875 0.05162962962962963
0 0.6422447916666666 0.5775092592592593 0.021255208333333334 0.10540740740740741
0 0.6177135416666667 0.5628796296296296 0.025463541666666666 0.10914814814814815
0 0.5418072916666666 0.6223518518518518 0.051765625 0.06163888888888888
0 0.7835416666666667 0.3871388888888889 0.014255208333333333 0.06421296296296296
0 0.797875 0.3866203703703704 0.009838541666666667 0.06943518518518518
0 0.8056822916666667 0.39746296296296296 0.010661458333333334 0.06860185185185186
0 0.8170052083333333 0.39312037037037034 0.011484375 0.06616666666666667
0 0.8563541666666666 0.36760185185185185 0.01415625 0.060175925925925924
0 0.8310833333333334 0.36203703703703705 0.011489583333333333 0.06156481481481481
0 0.799109375 0.3181296296296296 0.0073750000000000005 0.020046296296296295
0 0.8136197916666668 0.3391944444444444 0.009645833333333333 0.04466666666666667
0 0.8107864583333334 0.3336296296296296 0.007494791666666667 0.04605555555555556
0 0.8206979166666667 0.33725 0.011135416666666667 0.04577777777777778
0 0.7486302083333333 0.35974074074074075 0.011307291666666667 0.024435185185185185
0 0.7578229166666667 0.37830555555555556 0.008572916666666668 0.06657407407407408
0 0.7323229166666666 0.3521296296296296 0.011072916666666667 0.02297222222222222