0 0.2722327964860908 0.7868489583333332 0.031127379209370427 0.17358072916666667
0 0.21933382137628113 0.7509895833333333 0.041610541727672035 0.17243489583333335
0 0.25239385065885794 0.7027864583333333 0.03773792093704246 0.14658854166666666
0 0.17859443631039532 0.8478385416666666 0.02499267935578331 0.1808984375
0 0.19330161054172768 0.9427994791666667 0.0011200585651537337 0.00037760416666666666
0 0.10663982430453879 0.8997005208333334 0.027298682284040993 0.1273828125
0 0.14759882869692534 0.7724479166666667 0.05021961932650073 0.1741796875
0 0.054655929721815516 0.7725651041666667 0.03767203513909224 0.18682291666666664
0 0.06829428989751099 0.7146354166666667 0.028448023426061494 0.18626302083333335
0 0.73900439238653 0.6489973958333334 0.04310395314787702 0.15072916666666666
0 0.47553440702781846 0.5816796875 0.027855051244509516 0.15135416666666665
0 0.5013177159590043 0.5894661458333333 0.026530014641288433 0.15928385416666666
0 0.6025549048316252 0.5878645833333334 0.03332357247437775 0.14368489583333333
0 0.41569546120058565 0.5515494791666666 0.024385065885797953 0.14109375
0 0.4440483162518302 0.5628776041666667 0.023052708638360175 0.1255078125
0 0.32964860907759885 0.6035546875 0.027371888726207907 0.15996093749999998
0 0.3533016105417277 0.6278255208333333 0.02931918008784773 0.14368489583333333
0 0.48743045387994144 0.44515625 0.029004392386530013 0.06942708333333333
0 0.5178477306002929 0.45 0.022569546120058563 0.09970052083333332