0 0.30613541666666666 0.3169666666666667 0.022859375 0.10355833333333334
0 0.248734375 0.29508333333333336 0.022364583333333334 0.09638333333333333
0 0.37396875 0.30820833333333336 0.026338541666666666 0.08764166666666667
0 0.4723697916666667 0.34003333333333335 0.016401041666666664 0.10835
0 0.49398958333333337 0.34400000000000003 0.022859375 0.07335
0 0.23130208333333335 0.47689166666666666 0.022458333333333334 0.1381666666666667
0 0.24665104166666665 0.515825 0.023203124999999998 0.10345
0 0.16355729166666666 0.8286166666666667 0.08015104166666666 0.23961666666666667
0 0.20724479166666668 0.829775 0.09242708333333334 0.23961666666666667
0 0.5264114583333334 0.7379166666666667 0.062098958333333336 0.18760000000000002
0 0.5047447916666666 0.5870666666666667 0.043328125 0.13085000000000002
0 0.5444635416666667 0.6142416666666667 0.05488020833333333 0.18981666666666666
0 0.7462916666666667 0.6402416666666666 0.07582291666666667 0.17019166666666666
0 0.7701197916666668 0.6396666666666667 0.05560416666666667 0.16903333333333334