0 0.683316251830161 0.7715364583333333 0.04287701317715959 0.18375
0 0.7181259150805271 0.8216666666666667 0.04765007320644217 0.19098958333333335
0 0.7695241581259151 0.7897005208333333 0.031127379209370427 0.169296875
0 0.663792093704246 0.61671875 0.0331112737920937 0.14195312499999999
0 0.27746705710102487 0.7934895833333333 0.054890190336749634 0.18947916666666667
0 0.32283308931185944 0.7711067708333333 0.053565153733528555 0.16186197916666667
0 0.3185139092240117 0.6178515625 0.028594436310395318 0.14794270833333334
0 0.35340409956076135 0.643671875 0.03171303074670571 0.15196614583333332
0 0.40410688140556367 0.606171875 0.038733528550512444 0.15063802083333333
0 0.4380673499267935 0.6345442708333333 0.02929721815519766 0.1051171875
0 0.5208491947291362 0.592421875 0.040043923865300146 0.1491796875
0 0.4634333821376281 0.593046875 0.03398243045387994 0.13554687499999998
0 0.4424011713030747 0.5614192708333333 0.02956076134699854 0.124375
0 0.34652269399707175 0.56234375 0.02604685212298682 0.08529947916666668
0 0.3835944363103953 0.5325911458333333 0.03326500732064421 0.1076171875
0 0.4952855051244509 0.44451822916666667 0.03410688140556369 0.0821484375
0 0.8309150805270864 0.5489192708333334 0.02432650073206442 0.13283854166666667
0 0.8642020497803806 0.5893098958333333 0.02875549048316252 0.12276041666666666
0 0.8855344070278185 0.5968229166666666 0.02529282576866764 0.12055989583333333