0 0.6444427083333333 0.576925925925926 0.0238125 0.10608333333333332
0 0.614109375 0.5731481481481482 0.03386979166666667 0.11747222222222223
0 0.6928333333333333 0.5192222222222223 0.02178125 0.08367592592592593
0 0.6685 0.5031481481481481 0.027375 0.09286111111111112
0 0.7875677083333333 0.521425925925926 0.017505208333333334 0.06397222222222222
0 0.8828125 0.5099907407407407 0.02296875 0.11171296296296297
0 0.9064166666666666 0.5093703703703704 0.028520833333333332 0.12252777777777779
0 0.8561145833333333 0.43325 0.025760416666666668 0.07188888888888889
0 0.692296875 0.4475648148148148 0.020708333333333332 0.033351851851851855
0 0.7073125 0.4440648148148148 0.019010416666666665 0.047703703703703706
0 0.7673854166666667 0.3807962962962963 0.015015625 0.05690740740740741
0 0.8335677083333334 0.3776759259259259 0.01303125 0.06366666666666668
0 0.8228072916666667 0.36203703703703705 0.012635416666666668 0.062462962962962956
0 0.81065625 0.35238888888888886 0.011354166666666667 0.0465
0 0.8496822916666668 0.36963888888888885 0.011041666666666667 0.046796296296296294
0 0.864046875 0.36137037037037034 0.012932291666666667 0.04658333333333334