0 0.250171875 0.1373425925925926 0.011869791666666666 0.06795370370370371
0 0.237796875 0.10800925925925926 0.008447916666666666 0.06580555555555555
0 0.25147916666666664 0.22711111111111112 0.01690104166666667 0.12661111111111112
0 0.27290625 0.21387962962962964 0.018708333333333334 0.07725000000000001
0 0.27864062500000003 0.2816574074074074 0.02373958333333333 0.14270370370370372
0 0.30107291666666663 0.27664814814814814 0.020317708333333333 0.11910185185185185
0 0.319078125 0.27361111111111114 0.018911458333333336 0.12661111111111112
0 0.22925 0.35962962962962963 0.024744791666666665 0.09549074074074074
0 0.241921875 0.3124166666666667 0.025145833333333333 0.10765740740740741
0 0.24142187499999998 0.2805833333333333 0.0229375 0.08905555555555557
0 0.3095208333333333 0.3877037037037037 0.0275625 0.1723888888888889
0 0.262421875 0.44470370370370366 0.03551041666666667 0.21726851851851853
0 0.2988489583333333 0.598537037037037 0.03733854166666666 0.29187962962962966
0 0.33553645833333334 0.5628148148148149 0.03498958333333334 0.2677777777777778
0 0.22354166666666667 0.6399722222222222 0.047239583333333335 0.1927037037037037
0 0.24631770833333333 0.5642407407407407 0.053989583333333334 0.1912037037037037
0 0.23534895833333333 0.5586203703703703 0.034583333333333334 0.11097222222222222
0 0.34648958333333335 0.4453981481481481 0.025729166666666668 0.14546296296296296
0 0.33573437500000003 0.3869074074074074 0.024463541666666665 0.11997222222222222
0 0.6719062499999999 0.6165185185185186 0.041505208333333335 0.13609259259259257
0 0.257078125 0.11244444444444444 0.009338541666666667 0.06211111111111111
0 0.24894270833333335 0.08621296296296296 0.009338541666666667 0.04819444444444444
0 0.657046875 0.37612962962962965 0.025109375 0.12234259259259259
0 0.625890625 0.3174444444444444 0.029760416666666668 0.11077777777777778