0 0.31966666666666665 0.9206666666666667 0.06455729166666667 0.15866666666666668
0 0.3014427083333333 0.8172685185185184 0.059354166666666666 0.2554537037037037
0 0.3928125 0.8376296296296296 0.057791666666666665 0.31099074074074073
0 0.43758854166666666 0.8552222222222222 0.039046875 0.2795185185185185
0 0.48184375 0.7691388888888888 0.04321354166666667 0.3257962962962963
0 0.385265625 0.6316944444444444 0.055187499999999994 0.23416666666666666
0 0.23057291666666666 0.6363055555555556 0.04934895833333333 0.18473148148148147
0 0.2460625 0.579037037037037 0.051270833333333335 0.15499074074074073
0 0.2304375 0.5164074074074074 0.023302083333333334 0.0833425925925926
0 0.6728541666666668 0.6177685185185186 0.04115625 0.12838888888888889
0 0.758078125 0.5949907407407408 0.04697916666666667 0.16289814814814815
0 0.18653124999999998 0.33287037037037037 0.02340625 0.16041666666666668
0 0.2286875 0.35216666666666663 0.02425 0.08773148148148148
0 0.2645 0.30203703703703705 0.0248125 0.1569074074074074
0 0.28494270833333335 0.30780555555555555 0.018328124999999997 0.1554074074074074
0 0.3044010416666667 0.30253703703703705 0.018890625 0.13986111111111113
0 0.24772395833333333 0.12457407407407407 0.009869791666666666 0.06667592592592593
0 0.24419791666666668 0.2910092592592593 0.029890625 0.10677777777777778
0 0.24109895833333334 0.3120648148148148 0.025942708333333335 0.10878703703703703
0 0.240296875 0.1974074074074074 0.014213541666666666 0.09650925925925927
0 0.52203125 0.2517037037037037 0.023078125 0.06221296296296296
0 0.2605625 0.21008333333333332 0.012213541666666666 0.07057407407407407
0 0.27342187500000004 0.20030555555555557 0.014442708333333333 0.04842592592592592
0 0.26314583333333336 0.16017592592592594 0.016364583333333335 0.03535185185185185
0 0.26117708333333334 0.1259259259259259 0.012010416666666666 0.05449074074074074
0 0.268890625 0.15715740740740738 0.007911458333333333 0.03395370370370371
0 0.2501875 0.1992962962962963 0.009703125 0.09121296296296297
0 0.24544270833333334 0.15675 0.008838541666666666 0.029898148148148146