0 0.6756770833333333 0.6426944444444445 0.039875 0.19675
0 0.5231875 0.9223888888888888 0.050953125 0.1552222222222222
0 0.34817708333333336 0.7078055555555555 0.050953125 0.3194351851851852
0 0.32749999999999996 0.974361111111111 0.037661458333333335 0.04382407407407407
0 0.300109375 0.35360185185185183 0.02575 0.18687962962962965
0 0.266046875 0.35756481481481484 0.025854166666666668 0.18071296296296296
0 0.22567708333333333 0.3107685185185185 0.01975 0.10676851851851853
0 0.236828125 0.2278240740740741 0.015932291666666668 0.09284259259259259
0 0.23936458333333333 0.1398888888888889 0.009208333333333334 0.07435185185185185
0 0.24933854166666666 0.1431388888888889 0.012864583333333334 0.07414814814814814
0 0.2397864583333333 0.09047222222222222 0.0073124999999999996 0.03172222222222222
0 0.25650520833333335 0.11118518518518518 0.009401041666666667 0.0642962962962963