0 0.7850677083333333 0.6151296296296297 0.04363541666666667 0.16112962962962965
0 0.9226927083333333 0.6299444444444445 0.03328125 0.1578888888888889
0 0.6611718750000001 0.5780925925925926 0.031098958333333333 0.10530555555555556
0 0.6360572916666667 0.5781944444444445 0.021958333333333333 0.10916666666666668
0 0.6141354166666667 0.5728148148148148 0.03154166666666667 0.10571296296296297
0 0.8005520833333333 0.4183148148148148 0.017072916666666667 0.0797962962962963
0 0.8174479166666667 0.42028703703703707 0.019 0.08246296296296296
0 0.6940937500000001 0.47437962962962965 0.019895833333333335 0.07321296296296295
0 0.7103645833333334 0.4810277777777778 0.021614583333333333 0.08834259259259258
0 0.8636979166666666 0.36737037037037035 0.010020833333333333 0.05552777777777778
0 0.8174218750000001 0.3495740740740741 0.021078125 0.05961111111111111