0 0.6191614583333334 0.5728981481481482 0.018776041666666667 0.10361111111111111
0 0.6368385416666666 0.5719074074074074 0.021260416666666667 0.10789814814814815
0 0.65640625 0.5751574074074074 0.0134375 0.10604629629629629
0 0.67734375 0.5819444444444445 0.022447916666666668 0.13422222222222224
0 0.815609375 0.3521574074074074 0.009093750000000001 0.055481481481481486
0 0.8252708333333333 0.35041666666666665 0.010114583333333335 0.06163888888888888
0 0.8468958333333333 0.42869444444444443 0.01952083333333333 0.07106481481481482
0 0.8744166666666667 0.47421296296296295 0.018593750000000003 0.09943518518518518
0 0.891828125 0.49212962962962964 0.01984375 0.11337037037037037
0 0.9080260416666667 0.5124351851851852 0.019786458333333333 0.08932407407407407
0 0.8629739583333333 0.39925925925925926 0.009140625000000001 0.07686111111111112
0 0.8693020833333333 0.40605555555555556 0.008921875 0.07653703703703703