0 0.7352083333333332 0.6489907407407407 0.030645833333333334 0.18824074074074076
0 0.7971874999999999 0.718037037037037 0.04159375 0.13285185185185183
0 0.9441041666666667 0.8525555555555555 0.056364583333333336 0.23322222222222222
0 0.95584375 0.8785370370370371 0.04218229166666666 0.22812037037037036
0 0.9251822916666667 0.7167314814814816 0.03527604166666667 0.18233333333333332
0 0.9246041666666667 0.6314074074074074 0.041088541666666666 0.06626851851851852
0 0.7768385416666667 0.5062037037037037 0.021822916666666668 0.1209537037037037
0 0.719703125 0.5286018518518518 0.02754166666666667 0.12853703703703703
0 0.7619791666666667 0.4405462962962963 0.01973958333333333 0.0943611111111111
0 0.802078125 0.3829166666666667 0.012463541666666666 0.06870370370370371
0 0.8212083333333333 0.40405555555555556 0.016484375 0.07716666666666668
0 0.8138593749999999 0.3819351851851852 0.013203125000000001 0.06503703703703703
0 0.6992604166666666 0.5148425925925926 0.014125 0.07728703703703703
0 0.6739010416666668 0.5031944444444445 0.020458333333333335 0.09118518518518519