0 0.21986458333333334 0.6565092592592592 0.022567708333333332 0.16805555555555557
0 0.235109375 0.552962962962963 0.04330208333333333 0.16697222222222224
0 0.24242708333333332 0.37406481481481485 0.039640625 0.15612962962962965
0 0.44399479166666667 0.619638888888889 0.04147395833333333 0.1919074074074074
0 0.476625 0.7378240740740741 0.05183854166666667 0.3393703703703704
0 0.33238541666666666 0.29653703703703704 0.026833333333333334 0.13987037037037037
0 0.24852604166666667 0.19678703703703704 0.021343749999999998 0.12902777777777777
0 0.46259895833333337 0.3203888888888889 0.022567708333333332 0.14853703703703702
0 0.24883333333333332 0.11600925925925927 0.017078125 0.07155555555555555
0 0.6443489583333334 0.3682314814814815 0.01740625 0.1396111111111111
0 0.731984375 0.29512037037037037 0.025812500000000002 0.07241666666666666