0 0.5425729166666666 0.622212962962963 0.052046875000000006 0.07632407407407409
0 0.911078125 0.6285648148148149 0.033666666666666664 0.18184259259259258
0 0.936703125 0.6470925925925926 0.030177083333333334 0.15609259259259262
0 0.6746979166666667 0.5800740740740741 0.028828125 0.12221296296296297
0 0.65734375 0.5760648148148148 0.018953125 0.10571296296296297
0 0.6378177083333333 0.5742685185185186 0.021916666666666664 0.10551851851851851
0 0.61434375 0.5711574074074074 0.027484375000000002 0.10608333333333332
0 0.7645677083333333 0.4951388888888889 0.02713541666666667 0.11872222222222222
0 0.7394999999999999 0.48443518518518525 0.019963541666666664 0.11937962962962964
0 0.8545052083333334 0.44764814814814813 0.016015625 0.09673148148148147
0 0.7669010416666667 0.4266111111111111 0.02034375 0.07842592592592593
0 0.7833802083333333 0.4337314814814815 0.016052083333333335 0.09437037037037037