0 0.4413229166666667 0.5883518518518518 0.038640625 0.22255555555555556
0 0.4736197916666667 0.5914814814814814 0.035619791666666664 0.22625
0 0.21794270833333332 0.6570555555555556 0.01690625 0.1603425925925926
0 0.23122395833333334 0.5523703703703703 0.03259895833333334 0.14414814814814816
0 0.2843541666666667 0.3655555555555556 0.021734374999999997 0.1826574074074074
0 0.24390104166666668 0.37305555555555553 0.035015625 0.14400925925925925
0 0.32178125 0.2909537037037037 0.012072916666666666 0.12362037037037037
0 0.3423125 0.29412962962962963 0.021734374999999997 0.11688888888888889
0 0.22609375 0.12668518518518518 0.01146875 0.06753703703703703
0 0.24390104166666668 0.10791666666666666 0.01328125 0.04518518518518518
0 0.2568854166666667 0.12510185185185185 0.01509375 0.05378703703703704
0 0.4790520833333333 0.2722037037037037 0.01509375 0.09685185185185184
0 0.4884114583333333 0.27972222222222226 0.018109375 0.1054537037037037