0 0.6691874999999999 0.6498981481481482 0.039447916666666666 0.18765740740740738
0 0.5769635416666666 0.4237222222222222 0.027223958333333336 0.1264259259259259
0 0.5402968749999999 0.20247222222222222 0.019442708333333333 0.05925925925925926
0 0.4258489583333333 0.36347222222222225 0.027223958333333336 0.17580555555555555
0 0.23445312499999998 0.4711296296296296 0.06666666666666667 0.15802777777777777
0 0.28556770833333334 0.26075000000000004 0.022223958333333335 0.14420370370370372
0 0.169171875 0.34519444444444447 0.027223958333333336 0.15309259259259259
0 0.24222916666666666 0.3111203703703704 0.02666666666666667 0.10864814814814815
0 0.31667708333333333 0.2666759259259259 0.02333333333333333 0.11851851851851852
0 0.35612499999999997 0.28494444444444444 0.022223958333333335 0.11950925925925926
0 0.21083854166666666 0.21531481481481482 0.018333333333333333 0.10666666666666667
0 0.24139583333333334 0.19605555555555557 0.016109375 0.11161111111111112
0 0.2538958333333333 0.19457407407407407 0.01777604166666667 0.10864814814814815
0 0.2725104166666667 0.19753703703703704 0.016109375 0.08691666666666667
0 0.24202083333333332 0.10705555555555556 0.010395833333333333 0.06265740740740741
0 0.24962499999999999 0.1354537037037037 0.012932291666666667 0.04462962962962963
0 0.2502135416666667 0.09548148148148149 0.010630208333333334 0.061509259259259264
0 0.5788541666666667 0.2665185185185185 0.023947916666666666 0.09438888888888888