0 0.09980966325036604 0.8177604166666667 0.051361639824304535 0.18688802083333333
0 0.08086383601756954 0.7683333333333334 0.053199121522694 0.18731770833333336
0 0.239194729136164 0.8430729166666667 0.06866764275256222 0.21148437499999997
0 0.24540995607613472 0.8850390625000001 0.05390922401171303 0.2061197916666667
0 0.3261273792093704 0.7199869791666668 0.045915080527086385 0.18479166666666666
0 0.46163250366032216 0.9159375000000001 0.07012445095168375 0.15259114583333333
0 0.5972620790629576 0.6841145833333333 0.03599560761346999 0.16143229166666667
0 0.6256149341142021 0.7205989583333333 0.04669838945827233 0.17114583333333333
0 0.47494143484626644 0.5492447916666666 0.041193265007320644 0.13348958333333333
0 0.6664641288433382 0.6571354166666666 0.030087847730600293 0.14096354166666666
0 0.6744289897510981 0.6888671875 0.03973645680819912 0.15605468749999998
0 0.7435139092240117 0.6291276041666667 0.029414348462664715 0.15562499999999999
0 0.7687335285505124 0.640703125 0.025468521229868226 0.14901041666666667
0 0.7973426061493412 0.6753255208333333 0.033374816983894585 0.16246093749999999
0 0.4947584187408492 0.44795572916666665 0.03178623718887262 0.0797265625