0 0.24411458333333333 0.36969444444444444 0.03138020833333333 0.1446111111111111
0 0.446234375 0.6207407407407407 0.038760416666666665 0.1872962962962963
0 0.4734583333333333 0.5948055555555556 0.03783854166666667 0.22553703703703704
0 0.21596354166666665 0.6420740740740741 0.012921875 0.15284259259259259
0 0.22911458333333332 0.5468148148148148 0.050296875 0.12791666666666668
0 0.2745677083333333 0.2072037037037037 0.012921875 0.09998148148148149
0 0.24703125 0.13524999999999998 0.0136875 0.08625000000000001
0 0.24158333333333332 0.07917592592592593 0.009645833333333333 0.06012962962962963
0 0.36758854166666666 0.28126851851851853 0.012755208333333332 0.1360185185185185
0 0.25100520833333334 0.08669444444444444 0.007760416666666667 0.03746296296296296
0 0.26048958333333333 0.11276851851851852 0.007760416666666667 0.03590740740740741
0 0.4836770833333333 0.22700925925925924 0.015958333333333335 0.059166666666666666