0 0.22136163982430454 0.8255859375 0.07000732064421669 0.21442708333333335
0 0.2773133235724744 0.8547916666666667 0.050263543191800875 0.2095703125
0 0.2893557833089312 0.6774869791666666 0.03865300146412884 0.1626171875
0 0.3219619326500732 0.6791536458333334 0.025790629575402634 0.16223958333333333
0 0.8080819912152268 0.7734765625 0.04775988286969253 0.181796875
0 0.7557320644216691 0.6740494791666666 0.028382137628111277 0.10106770833333334
0 0.7152635431918009 0.60375 0.03611273792093704 0.146484375
0 0.6688286969253294 0.5849739583333333 0.02998535871156662 0.0977734375
0 0.7707906295754027 0.5503776041666667 0.03172767203513909 0.14018229166666665
0 0.741822840409956 0.5154166666666666 0.021185944363103955 0.12979166666666667
0 0.686610541727672 0.5014713541666667 0.030673499267935576 0.11305989583333333
0 0.44682284040995607 0.5477734375 0.03566617862371889 0.11266927083333333
0 0.4768448023426062 0.5376562500000001 0.026449487554904835 0.11303385416666667