0 0.673828125 0.6264722222222222 0.048177083333333336 0.129
0 0.22501041666666666 0.6366666666666667 0.044244791666666665 0.1975277777777778
0 0.24681770833333333 0.5793425925925927 0.053723958333333335 0.15710185185185185
0 0.233859375 0.5243148148148148 0.0278125 0.09689814814814815
0 0.41652083333333334 0.33834259259259264 0.022755208333333332 0.1541851851851852
0 0.21047395833333335 0.3878055555555555 0.026546875 0.1722037037037037
0 0.18455729166666668 0.31192592592592594 0.021489583333333333 0.15303703703703703
0 0.24618229166666666 0.2944537037037037 0.028442708333333334 0.10662962962962963
0 0.23922916666666666 0.3107962962962963 0.025916666666666664 0.11033333333333332
0 0.27080729166666667 0.20729629629629628 0.013161458333333332 0.10314814814814816
0 0.25680729166666666 0.20283333333333334 0.016197916666666666 0.11230555555555556
0 0.22660416666666666 0.19469444444444445 0.019234375 0.07435185185185185
0 0.4732864583333333 0.3342777777777778 0.016536458333333334 0.13762037037037037
0 0.246875 0.16308333333333333 0.008484374999999999 0.07466666666666667
0 0.23671354166666667 0.1504814814814815 0.010255208333333333 0.07477777777777778
0 0.255453125 0.1255740740740741 0.007890625 0.04387962962962963
0 0.260484375 0.14083333333333334 0.009666666666666665 0.057574074074074076
0 0.7589322916666668 0.38419444444444445 0.027328124999999998 0.09296296296296297
0 0.238734375 0.09236111111111112 0.010895833333333334 0.04548148148148148