0 0.7105833333333333 0.5481111111111111 0.015442708333333333 0.08725000000000001
0 0.63696875 0.5721851851851852 0.024421875 0.12768518518518518
0 0.7564739583333334 0.48438888888888887 0.023328124999999998 0.13466666666666666
0 0.9125885416666667 0.6159814814814815 0.027479166666666666 0.17155555555555554
0 0.9392708333333334 0.6428333333333334 0.028776041666666665 0.18927777777777777
0 0.770578125 0.4629537037037037 0.016817708333333334 0.10206481481481482
0 0.7904322916666667 0.49181481481481476 0.014588541666666668 0.0826574074074074
0 0.5400520833333334 0.6234537037037038 0.047546875 0.06051851851851852
0 0.7874531250000001 0.4401574074074074 0.021645833333333333 0.08477777777777779
0 0.8067395833333334 0.45823148148148146 0.016828125000000003 0.10292592592592592
0 0.8225729166666667 0.37072222222222223 0.010885416666666667 0.06932407407407408
0 0.722796875 0.4599537037037037 0.023958333333333335 0.09092592592592592
0 0.870796875 0.48501851851851857 0.019505208333333336 0.08577777777777777
0 0.88634375 0.4817407407407407 0.01838020833333333 0.09592592592592591