0 0.6720260416666667 0.6206388888888889 0.044890624999999997 0.13730555555555554
0 0.22665104166666666 0.6362777777777777 0.051932291666666665 0.19990740740740742
0 0.24953645833333335 0.5783611111111111 0.06425520833333334 0.19055555555555556
0 0.643859375 0.4382685185185185 0.03608854166666667 0.13587962962962963
0 0.6689479166666668 0.43748148148148147 0.03520833333333333 0.13118518518518518
0 0.21872916666666667 0.48913888888888885 0.032567708333333334 0.17497222222222222
0 0.23130729166666666 0.37496296296296294 0.028151041666666664 0.09746296296296297
0 0.24060416666666665 0.3093148148148148 0.021244791666666665 0.10780555555555556
0 0.2557395833333333 0.31069444444444444 0.015401041666666667 0.10662037037037038
0 0.31204166666666666 0.28423148148148153 0.016463541666666668 0.14631481481481481
0 0.3311614583333334 0.2738425925925926 0.014338541666666668 0.13687962962962963
0 0.24591145833333333 0.12372222222222222 0.010624999999999999 0.06509259259259259
0 0.26636458333333335 0.14827777777777776 0.00796875 0.08774074074074074
0 0.23847916666666666 0.22436111111111112 0.02549479166666667 0.08896296296296297