0 0.6744791666666666 0.6456111111111111 0.036843749999999995 0.18675925925925924
0 0.228609375 0.39844444444444443 0.029203125 0.13896296296296298
0 0.19533333333333333 0.38312037037037033 0.040213541666666665 0.1389537037037037
0 0.18240625000000002 0.35629629629629633 0.021067708333333334 0.15511111111111112
0 0.24129687500000002 0.3009444444444444 0.024895833333333332 0.11760185185185186
0 0.251828125 0.3047314814814815 0.015317708333333334 0.10633333333333334
0 0.31358854166666666 0.2733333333333333 0.01819270833333333 0.08450925925925926
0 0.23507291666666666 0.24353703703703702 0.015317708333333334 0.08277777777777778
0 0.23147916666666665 0.14345370370370372 0.013885416666666667 0.07992592592592591
0 0.23842187499999998 0.11581481481481481 0.0076614583333333335 0.06905555555555555
0 0.250390625 0.11152777777777778 0.009572916666666665 0.06718518518518518
0 0.5378854166666667 0.4005648148148148 0.026333333333333334 0.11937962962962964
0 0.48665625 0.35629629629629633 0.017713541666666666 0.1517037037037037