0 0.7060520833333332 0.6904259259259259 0.028593749999999998 0.17551851851851852
0 0.7389843749999999 0.6247407407407408 0.03141666666666667 0.15084259259259258
0 0.782234375 0.7173425925925926 0.037135416666666664 0.19033333333333333
0 0.7113229166666667 0.5504722222222223 0.033276041666666666 0.09338888888888888
0 0.7837708333333333 0.5914537037037036 0.029671875 0.07385185185185186
0 0.9217916666666667 0.8641851851851853 0.078578125 0.26283333333333336
0 0.7132968749999999 0.9262314814814815 0.056255208333333334 0.14752777777777779
0 0.8769270833333334 0.5101018518518519 0.020515625 0.1453611111111111
0 0.9076666666666667 0.5106296296296297 0.029249999999999998 0.1255925925925926
0 0.82775 0.36886111111111114 0.015838541666666667 0.06583333333333333
0 0.6189687500000001 0.5547222222222222 0.033 0.1122962962962963
0 0.6464114583333332 0.570462962962963 0.021890625 0.09953703703703703
0 0.7584479166666667 0.4442962962962963 0.016291666666666666 0.10221296296296296
0 0.7834791666666666 0.4530092592592593 0.018546875 0.10142592592592593