0 0.6752812499999999 0.6479259259259259 0.03615104166666667 0.18613888888888888
0 0.39078124999999997 0.9431203703703704 0.04699479166666667 0.11375925925925925
0 0.43669270833333335 0.9360462962962962 0.0535 0.12789814814814815
0 0.16558854166666667 0.30934259259259256 0.017104166666666667 0.1384074074074074
0 0.20679166666666668 0.2823703703703703 0.020989583333333332 0.12041666666666667
0 0.29522395833333337 0.24089814814814817 0.019046875 0.11623148148148148
0 0.23832291666666666 0.22794444444444445 0.017770833333333333 0.09868518518518518
0 0.2734739583333334 0.22796296296296295 0.013473958333333334 0.11330555555555556
0 0.25824479166666664 0.2237962962962963 0.016208333333333335 0.10287962962962963
0 0.28674999999999995 0.23022222222222222 0.009177083333333334 0.11364814814814814
0 0.25258854166666667 0.1651203703703704 0.013677083333333334 0.03872222222222222
0 0.23556770833333335 0.13418518518518519 0.008208333333333333 0.0778888888888889
0 0.24536979166666667 0.1321574074074074 0.00896875 0.07490740740740741
0 0.2548697916666667 0.12323148148148148 0.009729166666666667 0.06517592592592593
0 0.46335937499999996 0.26625 0.016192708333333333 0.06983333333333333
0 0.23543229166666665 0.08171296296296296 0.009489583333333333 0.03648148148148148
0 0.245921875 0.07593518518518519 0.008489583333333333 0.03559259259259259