0 0.73115625 0.29000925925925924 0.028848958333333334 0.06824999999999999
0 0.6020833333333333 0.6727685185185186 0.039942708333333334 0.299462962962963
0 0.43972916666666667 0.5952592592592593 0.04216145833333333 0.20298148148148148
0 0.5932083333333333 0.4945648148148148 0.032546875 0.1115
0 0.5758281249999999 0.3617314814814815 0.022927083333333334 0.07256481481481482
0 0.24076041666666667 0.36700925925925926 0.030328124999999997 0.13571296296296295
0 0.27959375000000003 0.23875000000000002 0.022187500000000002 0.11850925925925926
0 0.3579947916666667 0.28868518518518516 0.0133125 0.1445462962962963
0 0.37464062499999995 0.3045277777777778 0.01996875 0.14224074074074075
0 0.22411979166666668 0.3124074074074074 0.026630208333333336 0.11067592592592593
0 0.24556770833333333 0.10657407407407407 0.010354166666666666 0.05667592592592593
0 0.43222916666666666 0.3393425925925926 0.0166875 0.1460925925925926
0 0.4628229166666667 0.34230555555555553 0.024473958333333334 0.1559814814814815