0 0.6728906250000001 0.6599166666666667 0.04677083333333333 0.1878425925925926
0 0.4138854166666667 0.6819814814814814 0.038828125 0.28301851851851856
0 0.37020312499999997 0.6882592592592593 0.041479166666666664 0.29558333333333336
0 0.32033854166666664 0.6921851851851851 0.03353645833333333 0.2814537037037037
0 0.2987916666666666 0.34753703703703703 0.012713541666666666 0.11977777777777779
0 0.31211979166666665 0.3303981481481481 0.018864583333333334 0.15550925925925924
0 0.24547395833333333 0.3723425925925926 0.03568229166666667 0.1358425925925926
0 0.19502604166666665 0.2877222222222222 0.024197916666666666 0.12264814814814816
0 0.28628125 0.33514814814814814 0.01640625 0.16790740740740742
0 0.22640104166666666 0.3161203703703704 0.025427083333333333 0.11220370370370371
0 0.281359375 0.30737037037037035 0.020505208333333334 0.102
0 0.24509375 0.19110185185185183 0.012723958333333334 0.09857407407407406
0 0.262296875 0.20828703703703702 0.01178125 0.09271296296296296
0 0.28103645833333335 0.1950462962962963 0.011546875000000002 0.08794444444444445
0 0.24886458333333333 0.12300925925925925 0.014140624999999999 0.0654351851851852
0 0.26135416666666667 0.1276111111111111 0.009895833333333333 0.061250000000000006
0 0.4554947916666666 0.24348148148148147 0.019989583333333335 0.06897222222222221
0 0.42725 0.250537037037037 0.023161458333333333 0.07970370370370371
0 0.7635989583333332 0.5594814814814815 0.04961979166666666 0.1620925925925926
0 0.23381770833333335 0.09834259259259259 0.006786458333333333 0.04317592592592593
0 0.22709374999999998 0.0939537037037037 0.008510416666666666 0.04133333333333333
0 0.270046875 0.12833333333333333 0.010114583333333335 0.05431481481481481