0 0.5849479166666666 0.4304814814814815 0.030661458333333332 0.20547222222222222
0 0.24325520833333333 0.3730740740740741 0.036307291666666665 0.14515740740740743
0 0.22833333333333333 0.31203703703703706 0.024203125 0.11174074074074075
0 0.21179166666666666 0.21162962962962964 0.012104166666666666 0.06324074074074074
0 0.27230208333333333 0.22455555555555556 0.023395833333333334 0.11777777777777779
0 0.23760937499999998 0.2001574074074074 0.013713541666666666 0.0718425925925926
0 0.24890625 0.18939814814814815 0.020171875 0.10196296296296296
0 0.5345208333333333 0.38025925925925924 0.031463541666666664 0.1853425925925926
0 0.7120208333333333 0.38885185185185184 0.031463541666666664 0.10499074074074075
0 0.48328645833333334 0.2683148148148148 0.024203125 0.08480555555555556
0 0.47078125 0.2561203703703704 0.010489583333333333 0.08623148148148148
0 0.23640104166666667 0.12266666666666666 0.009682291666666667 0.05168518518518519
0 0.24688541666666666 0.11836111111111111 0.009682291666666667 0.05455555555555556
0 0.26423437499999997 0.15782407407407406 0.020171875 0.07611111111111112
0 0.25778125 0.11979629629629629 0.013713541666666666 0.04594444444444444
0 0.5268541666666666 0.2475 0.014520833333333334 0.051787037037037034
0 0.5772812500000001 0.2324351851851852 0.008875 0.03599074074074074
0 0.591 0.2561111111111111 0.012104166666666666 0.0604074074074074