0 0.3782552083333333 0.8222407407407407 0.05078125 0.3366203703703704
0 0.19856770833333334 0.5443148148148148 0.02734375 0.13724074074074075
0 0.22591145833333334 0.47485185185185186 0.037760416666666664 0.15571296296296294
0 0.6204427083333334 0.5732685185185186 0.029947916666666668 0.16274074074074074
0 0.6458333333333334 0.5640000000000001 0.026041666666666668 0.15347222222222223
0 0.3411458333333333 0.3 0.026041666666666668 0.13010185185185183
0 0.63671875 0.4250555555555556 0.03125 0.12556481481481482
0 0.240625 0.13373148148148148 0.016661458333333334 0.08644444444444445
0 0.23828125 0.37295370370370373 0.028645833333333332 0.15100000000000002
0 0.255171875 0.13099074074074074 0.011734375 0.06300925925925925
0 0.6058385416666667 0.3630833333333333 0.026078125 0.11096296296296297
0 0.7432291666666667 0.6542037037037036 0.025630208333333335 0.1442962962962963