0 0.753359375 0.6222592592592592 0.025317708333333334 0.07828703703703703
0 0.7953072916666667 0.5755092592592592 0.032171875 0.15599074074074074
0 0.9123489583333334 0.7274074074074074 0.02775 0.19969444444444442
0 0.8934583333333334 0.6693148148148148 0.030776041666666667 0.2053148148148148
0 0.95040625 0.6517037037037038 0.031276041666666664 0.1668148148148148
0 0.6207604166666666 0.5671203703703703 0.02804166666666667 0.10958333333333332
0 0.6449322916666667 0.5778148148148148 0.02177604166666667 0.10135185185185185
0 0.76965625 0.4196574074074074 0.020874999999999998 0.07806481481481482
0 0.7902135416666667 0.4135648148148148 0.014578124999999999 0.08235185185185186
0 0.8089166666666666 0.42262037037037037 0.019119791666666667 0.09057407407407407
0 0.8255833333333332 0.43496296296296294 0.014213541666666666 0.09221296296296297