0 0.6705677083333333 0.6182222222222222 0.04573958333333333 0.12806481481481483
0 0.37324999999999997 0.4856018518518519 0.053057291666666666 0.24694444444444444
0 0.32842187500000003 0.509287037037037 0.034765625 0.2493148148148148
0 0.22687500000000002 0.5963240740740741 0.04025 0.19569444444444445
0 0.22687500000000002 0.6328518518518519 0.04573958333333333 0.19312962962962965
0 0.24563020833333335 0.5685925925925926 0.05397395833333333 0.17853703703703702
0 0.25569270833333335 0.4913148148148148 0.028359375000000003 0.16396296296296298
0 0.31790104166666666 0.40759259259259256 0.03384895833333333 0.17926851851851852
0 0.28633854166666667 0.31647222222222227 0.018296875 0.15967592592592592
0 0.30692187499999996 0.33111111111111113 0.022869791666666663 0.14667592592592593
0 0.34305729166666665 0.3522685185185185 0.020125 0.16946296296296298
0 0.261640625 0.40351851851851855 0.027442708333333333 0.18089814814814814
0 0.2639270833333333 0.1960648148148148 0.015552083333333333 0.11076851851851852
0 0.24085416666666667 0.18750925925925926 0.016260416666666666 0.08662037037037036
0 0.2638489583333333 0.30775 0.016723958333333334 0.09605555555555555
0 0.2283125 0.37916666666666665 0.02461979166666667 0.136037037037037
0 0.28033854166666666 0.19700925925925927 0.012541666666666666 0.0890925925925926
0 0.3114635416666667 0.27387962962962964 0.02090625 0.09602777777777777
0 0.240625 0.3102314814814815 0.027869791666666664 0.10762962962962963
0 0.24596874999999999 0.15201851851851853 0.014401041666666666 0.07858333333333334