0 0.5402916666666666 0.6176481481481481 0.04998958333333334 0.07759259259259259
0 0.7787916666666667 0.5891388888888889 0.029109375 0.15347222222222223
0 0.8981979166666666 0.578925925925926 0.0325 0.16132407407407406
0 0.7931510416666666 0.41071296296296295 0.0180625 0.07659259259259259
0 0.8125520833333333 0.41244444444444445 0.023463541666666664 0.08571296296296296
0 0.8498072916666667 0.4593425925925926 0.023208333333333334 0.08619444444444445
0 0.90221875 0.49689814814814814 0.026223958333333335 0.04251851851851852
0 0.19344791666666666 0.9550462962962963 0.057796875 0.07086111111111111
0 0.24563541666666666 0.9569814814814814 0.052421875 0.08603703703703704
0 0.694515625 0.48308333333333336 0.014807291666666667 0.07112962962962963
0 0.711765625 0.4819259259259259 0.022770833333333334 0.08391666666666667