0 0.23989019033674963 0.6898046875 0.03240849194729136 0.15419270833333334
0 0.4855197657393851 0.7225651041666666 0.036310395314787705 0.17135416666666667
0 0.5419399707174231 0.6597265625000001 0.046676427525622254 0.1647265625
0 0.7550732064421669 0.7007942708333333 0.03125915080527086 0.16497395833333334
0 0.7958199121522693 0.6937760416666667 0.02177159590043924 0.14358072916666667
0 0.5159809663250366 0.44266927083333335 0.01814787701317716 0.10338541666666667
0 0.5001830161054173 0.43526041666666665 0.01738653001464129 0.08095052083333333
0 0.45150805270863836 0.41584635416666665 0.01765739385065886 0.08932291666666665
0 0.4107540263543192 0.38707031249999996 0.019216691068814056 0.06223958333333333
0 0.44027086383601755 0.38546875 0.01691068814055637 0.07630208333333334
0 0.38223279648609076 0.36983072916666665 0.02061493411420205 0.0684765625