0 0.26796875 0.39696296296296296 0.02853125 0.18353703703703703
0 0.302671875 0.40519444444444447 0.02853125 0.16706481481481483
0 0.6744791666666666 0.6403518518518518 0.0390625 0.19846296296296298
0 0.6634114583333334 0.4284722222222222 0.03515625 0.16852777777777778
0 0.8123177083333334 0.6286944444444444 0.037911458333333335 0.2366851851851852
0 0.626890625 0.36541666666666667 0.029666666666666668 0.13794444444444443
0 0.7505104166666666 0.44212962962962965 0.024177083333333335 0.18198148148148147
0 0.5785416666666666 0.24913888888888888 0.020880208333333334 0.06336111111111112
0 0.64234375 0.2996759259259259 0.018828124999999998 0.06899074074074074
0 0.428875 0.315 0.013880208333333333 0.15921296296296295
0 0.448515625 0.31899074074074074 0.019947916666666666 0.15560185185185185
0 0.35486458333333337 0.3056203703703704 0.01576041666666667 0.12435185185185187
0 0.2992239583333333 0.30039814814814814 0.026145833333333333 0.10281481481481482
0 0.27509374999999997 0.33158333333333334 0.024421875 0.1529074074074074
0 0.24133333333333334 0.3080648148148148 0.018963541666666663 0.09055555555555556
0 0.25541145833333334 0.28379629629629627 0.017239583333333332 0.10944444444444444
0 0.245359375 0.2551851851851852 0.016088541666666668 0.11043518518518518
0 0.2845729166666667 0.2697407407407407 0.013505208333333333 0.09051851851851853
0 0.30296354166666667 0.2659166666666667 0.01925 0.11862037037037039
0 0.26863020833333334 0.24060185185185187 0.013791666666666667 0.02815740740740741
0 0.26044270833333333 0.21278703703703705 0.018677083333333334 0.07774074074074074
0 0.2789739583333333 0.22607407407407407 0.018963541666666663 0.08592592592592592
0 0.23343229166666665 0.4742777777777778 0.04797916666666667 0.14192592592592593
0 0.23308854166666665 0.1458148148148148 0.010541666666666666 0.07439814814814814
0 0.24984895833333332 0.16289814814814815 0.012427083333333333 0.08646296296296296
0 0.2568125 0.13877777777777778 0.007531250000000001 0.04224074074074074
0 0.24098958333333334 0.14880555555555555 0.007500000000000001 0.0646574074074074