0 0.4526134699853587 0.5089973958333334 0.023660322108345535 0.114765625
0 0.47412152269399704 0.5462109375 0.021464128843338214 0.09619791666666666
0 0.491398243045388 0.5123567708333333 0.02775256222547584 0.14157552083333333
0 0.44267935578330897 0.9180338541666666 0.04194729136163982 0.13864583333333333
0 0.61201317715959 0.7924088541666667 0.03658125915080527 0.1739453125
0 0.7271449487554905 0.701171875 0.027291361639824305 0.16735677083333333
0 0.777203513909224 0.6862369791666666 0.02918740849194729 0.14571614583333334
0 0.7190922401171302 0.6638932291666667 0.03239385065885798 0.15813802083333334
0 0.7473572474377745 0.6474739583333333 0.018265007320644216 0.11274739583333333
0 0.6052489019033674 0.60921875 0.023711566617862372 0.16588541666666667
0 0.49380673499267935 0.4521354166666667 0.026918008784773063 0.08899739583333333