0 0.4445827232796486 0.8038020833333334 0.04438506588579795 0.19079427083333333
0 0.43240117130307465 0.4311328125 0.02630307467057101 0.1181640625
0 0.497489019033675 0.4467057291666667 0.030973645680819915 0.0698046875
0 0.7092313323572474 0.650625 0.023594436310395313 0.153984375
0 0.7387554904831625 0.7406510416666667 0.03661786237188873 0.18893229166666667
0 0.7887847730600293 0.7615234375000001 0.03418740849194729 0.16372395833333334
0 0.8323060029282577 0.7387890625 0.03548316251830161 0.15544270833333332
0 0.7636822840409957 0.713359375 0.02163250366032211 0.1566796875
0 0.7425329428989751 0.6358463541666667 0.03371156661786237 0.15045572916666666
0 0.8013323572474377 0.6655078125 0.03000732064421669 0.08700520833333332
0 0.789714494875549 0.6258203125 0.027679355783308934 0.06716145833333333
0 0.42188872620790624 0.9551171875 0.05357979502196193 0.08147135416666666
0 0.4588506588579795 0.9720442708333333 0.03843338213762811 0.05591145833333333