0 0.49189604685212296 0.9094140624999999 0.0477891654465593 0.18117187499999998
0 0.529121522693997 0.9494010416666666 0.03189604685212299 0.10118489583333333
0 0.3652635431918009 0.8501302083333333 0.03542459736456808 0.2188671875
0 0.2573352855051244 0.9484765624999999 0.058286969253294296 0.103046875
0 0.3436163982430454 0.6994401041666666 0.029568081991215227 0.16725260416666665
0 0.3743557833089312 0.6070963541666666 0.040241581259150803 0.14572916666666666
0 0.2927891654465593 0.6344270833333333 0.030885797950219618 0.15947916666666667
0 0.3139165446559297 0.6522786458333333 0.031442166910688144 0.150546875
0 0.4751610541727672 0.5325260416666667 0.019143484626647143 0.13424479166666667
0 0.4956808199121523 0.5379817708333333 0.022064421669106882 0.13609374999999999
0 0.517203513909224 0.5607942708333333 0.026456808199121523 0.08662760416666666
0 0.7034480234260615 0.6295963541666666 0.034231332357247436 0.14236979166666666