0 0.03673499267935578 0.524453125 0.05188140556368961 0.22390625
0 0.1381185944363104 0.6375130208333334 0.04541727672035139 0.26635416666666667
0 0.27102489019033676 0.5794401041666667 0.04084919472913616 0.23479166666666665
0 0.31209370424597366 0.5779557291666667 0.03874816983894583 0.22700520833333335
0 0.35463396778916545 0.5962890625 0.03823572474377745 0.222578125
0 0.3346266471449488 0.46570312500000005 0.025395314787701316 0.11848958333333333
0 0.35836749633967785 0.4435546875 0.017174231332357247 0.14667968750000002
0 0.3738433382137628 0.4671744791666667 0.03453879941434846 0.15044270833333334
0 0.353199121522694 0.3095703125 0.024494875549048317 0.12522135416666666
0 0.19530746705710103 0.24102864583333336 0.01712298682284041 0.0823828125
0 0.23652269399707174 0.24619791666666668 0.020761346998535872 0.06130208333333333