0 0.9322916666666666 0.813975 0.07291666666666667 0.25504166666666667
0 0.024739583333333332 0.46382500000000004 0.044270833333333336 0.17555833333333332
0 0.3848958333333333 0.44624166666666665 0.04896875 0.149725
0 0.48870833333333336 0.4723666666666667 0.03591145833333333 0.15183333333333332
0 0.43190625 0.33180000000000004 0.02285416666666667 0.11514166666666666
0 0.4459427083333333 0.4310833333333333 0.03133854166666667 0.12149166666666666
0 0.46096354166666664 0.43578333333333336 0.028729166666666663 0.13299166666666667
0 0.48642708333333334 0.341725 0.022197916666666664 0.11410833333333334
0 0.603625 0.3610583333333333 0.02415625 0.11935
0 0.6268020833333333 0.41017499999999996 0.04701041666666667 0.08594166666666667
0 0.6271302083333333 0.35530833333333334 0.02023958333333333 0.07858333333333332
0 0.5092760416666666 0.3370166666666667 0.037869791666666666 0.067075
0 0.5154791666666667 0.296775 0.017630208333333335 0.051366666666666665
0 0.67740625 0.39136666666666664 0.025463541666666666 0.11728333333333334
0 0.40627604166666664 0.7527666666666667 0.07138541666666667 0.19370833333333332
0 0.44931770833333334 0.7577333333333333 0.08818229166666666 0.19613333333333335