0 0.550828125 0.9023333333333333 0.051437500000000004 0.19532407407407407
0 0.6128229166666667 0.8816944444444444 0.03428125 0.2366111111111111
0 0.6416041666666668 0.846537037037037 0.040052083333333335 0.26587962962962963
0 0.9234218750000001 0.8723148148148149 0.039427083333333335 0.2553796296296296
0 0.616265625 0.575 0.020067708333333333 0.10298148148148148
0 0.6385260416666667 0.5728055555555556 0.022260416666666668 0.10997222222222222
0 0.65859375 0.5746759259259259 0.01778645833333333 0.10883333333333334
0 0.6761874999999999 0.5843425925925926 0.023 0.11028703703703703
0 0.8160989583333333 0.4938425925925926 0.019666666666666666 0.1041574074074074
0 0.8364427083333333 0.4883981481481482 0.015895833333333335 0.08905555555555557
0 0.8613125 0.4220185185185185 0.020135416666666666 0.0944537037037037
0 0.8625833333333334 0.42364814814814816 0.018109375 0.0977037037037037