0 0.45163982430453886 0.9177864583333334 0.04255490483162518 0.16442708333333333
0 0.41043191800878476 0.86875 0.03818448023426061 0.10727864583333334
0 0.2490849194729136 0.9419661458333333 0.03394582723279648 0.11606770833333334
0 0.44086383601756957 0.6877994791666667 0.02584187408491947 0.16578125
0 0.4696852122986823 0.7193489583333333 0.029465592972181553 0.17109375000000002
0 0.5160541727672034 0.6983984375 0.030849194729136165 0.1505078125
0 0.3835578330893119 0.7160677083333334 0.03020497803806735 0.16278645833333333
0 0.3539677891654465 0.6355468750000001 0.025644216691068814 0.13940104166666667
0 0.41169106881405565 0.6074609375 0.032928257686676426 0.15985677083333333
0 0.4817496339677892 0.803671875 0.0009443631039531479 0.0005338541666666666
0 0.4955563689604685 0.6757421875 0.02855051244509517 0.19375
0 0.5409443631039531 0.5918489583333334 0.03545387994143485 0.15243489583333333
0 0.44044655929721815 0.4332291666666667 0.025190336749633967 0.09190104166666667