0 0.2635724743777453 0.8773046875 0.05321376281112738 0.21076822916666668
0 0.18899707174231334 0.8396875 0.04199853587115666 0.13554687499999998
0 0.2506661786237189 0.813515625 0.03849194729136164 0.18473958333333332
0 0.15247437774524158 0.7129166666666666 0.03397510980966325 0.16967447916666667
0 0.2531332357247438 0.6306510416666666 0.03708638360175695 0.17436197916666665
0 0.45652269399707174 0.5482161458333333 0.026837481698389457 0.14488281249999999
0 0.4911566617862372 0.5641927083333333 0.026193265007320644 0.14782552083333333
0 0.43515373352855047 0.4402734375 0.019699853587115665 0.101484375
0 0.4622108345534407 0.4384635416666667 0.026061493411420205 0.11169270833333333
0 0.5795900439238654 0.5905859375 0.024260614934114202 0.14333333333333334
0 0.7305051244509517 0.7029817708333334 0.03843338213762811 0.16662760416666667
0 0.49887994143484626 0.4949869791666666 0.022759882869692532 0.10621093749999999
0 0.4925475841874085 0.4343489583333333 0.015658857979502196 0.054062500000000006