0 0.723484375 0.6962777777777778 0.037875 0.20760185185185187
0 0.6939427083333333 0.6101203703703704 0.022776041666666667 0.11617592592592592
0 0.7966875000000001 0.5368425925925926 0.02803125 0.1368425925925926
0 0.7358020833333333 0.6127592592592592 0.03790104166666666 0.1278425925925926
0 0.7509166666666667 0.5242592592592593 0.018411458333333335 0.09008333333333333
0 0.771609375 0.5015555555555555 0.015802083333333335 0.06355555555555556
0 0.7121822916666667 0.4780185185185185 0.017411458333333334 0.09538888888888888
0 0.6831979166666666 0.5091944444444444 0.022984375 0.13225
0 0.5445156250000001 0.6227685185185186 0.041791666666666664 0.07517592592592592
0 0.7993697916666667 0.4096111111111111 0.013479166666666665 0.07700925925925926
0 0.8120989583333333 0.4203425925925926 0.015359375 0.08389814814814815
0 0.8847447916666666 0.4797962962962963 0.017885416666666668 0.0975
0 0.7926614583333333 0.3725833333333333 0.015328125 0.05438888888888889