0 0.1920571010248902 0.78796875 0.06493411420204978 0.2127734375
0 0.565783308931186 0.9256510416666667 0.049348462664714494 0.14130208333333333
0 0.509289897510981 0.7308463541666667 0.036691068814055636 0.153828125
0 0.455592972181552 0.5814322916666667 0.031024890190336753 0.1314453125
0 0.4963762811127379 0.6467838541666667 0.026405563689604686 0.12643229166666667
0 0.738411420204978 0.7856640625 0.030043923865300144 0.17548177083333336
0 0.7001756954612006 0.7695963541666666 0.04683748169838946 0.16850260416666665
0 0.8263616398243046 0.6644270833333333 0.022693997071742314 0.14125000000000001
0 0.7889677891654465 0.6483854166666666 0.029436310395314788 0.1371875
0 0.7848462664714494 0.6080338541666667 0.028250366032210837 0.13690104166666667
0 0.4051756954612006 0.3496875 0.01595168374816984 0.059687500000000004