0 0.6762135416666666 0.6238611111111111 0.042604166666666665 0.12323148148148148
0 0.23347395833333331 0.4807777777777778 0.04961458333333334 0.15564814814814815
0 0.22640104166666666 0.3978148148148148 0.032859375 0.12968518518518518
0 0.24266666666666667 0.3110648148148148 0.030557291666666667 0.1104074074074074
0 0.31659895833333335 0.26696296296296296 0.02858854166666667 0.11566666666666667
0 0.23790104166666665 0.22549074074074074 0.023 0.08762962962962963
0 0.24332291666666667 0.20446296296296296 0.014130208333333333 0.10982407407407407
0 0.27404687499999997 0.2114722222222222 0.015770833333333335 0.11332407407407408
0 0.263859375 0.16561111111111113 0.014458333333333333 0.10106481481481482
0 0.2515364583333333 0.11332407407407408 0.010187499999999999 0.07360185185185185
0 0.6228489583333333 0.3963611111111111 0.029244791666666665 0.17233333333333334
0 0.3668020833333333 0.2801759259259259 0.012161458333333335 0.1217037037037037