0 0.132796486090776 0.8124088541666666 0.024341142020497804 0.19248697916666668
0 0.21926793557833088 0.7779557291666667 0.06436310395314788 0.19286458333333334
0 0.3953294289897511 0.7375520833333334 0.04000732064421669 0.14552083333333335
0 0.6000512445095169 0.7673177083333332 0.058308931185944365 0.16041666666666668
0 0.4684919472913617 0.951484375 0.05874084919472913 0.089765625
0 0.4890922401171303 0.527109375 0.02046852122986823 0.11161458333333334
0 0.508909224011713 0.5396875 0.01617130307467057 0.11123697916666668
0 0.524099560761347 0.5597786458333334 0.017262079062957538 0.08760416666666666
0 0.7573499267935578 0.8242578125 0.031976573938506586 0.16641927083333333
0 0.7177745241581259 0.6960026041666666 0.03439970717423133 0.1666015625
0 0.7400878477306003 0.6642708333333334 0.02464860907759883 0.15149739583333333
0 0.7736163982430454 0.6948697916666666 0.02267935578330893 0.16059895833333335
0 0.45553440702781844 0.47937500000000005 0.026544655929721814 0.12024739583333333