0 0.6736875 0.6233703703703704 0.04663020833333333 0.12762037037037038
0 0.22783333333333333 0.635 0.04663020833333333 0.19453703703703704
0 0.24583333333333332 0.5767962962962964 0.05317708333333333 0.1945925925925926
0 0.22742708333333334 0.4109351851851852 0.031088541666666667 0.19472222222222224
0 0.305140625 0.2792777777777778 0.02290625 0.13808333333333334
0 0.240921875 0.31278703703703703 0.023723958333333333 0.11219444444444444
0 0.25646875 0.31203703703703706 0.018817708333333336 0.10172222222222223
0 0.32641145833333335 0.2741851851851852 0.01963541666666667 0.13081481481481483
0 0.217609375 0.21162962962962964 0.01963541666666667 0.10175925925925926
0 0.2576927083333333 0.20003703703703704 0.014723958333333334 0.11355555555555556
0 0.24255729166666665 0.15457407407407406 0.012270833333333333 0.07625925925925926