0 0.6533802083333333 0.6704259259259259 0.044234375000000006 0.27941666666666665
0 0.47836458333333337 0.5922592592592593 0.037135416666666664 0.23772222222222222
0 0.448875 0.5763333333333334 0.03494791666666666 0.26049074074074074
0 0.33665625 0.6263518518518519 0.059520833333333335 0.30617592592592596
0 0.28641666666666665 0.6375185185185185 0.039864583333333335 0.2741388888888889
0 0.21624479166666666 0.6491481481481481 0.02075 0.15760185185185185
0 0.23071875 0.549601851851852 0.03221875 0.14878703703703702
0 0.33993229166666666 0.3947685185185185 0.026755208333333332 0.18667592592592594
0 0.3036197916666667 0.3981759259259259 0.0229375 0.1934722222222222
0 0.239453125 0.3738796296296297 0.027848958333333333 0.1468425925925926
0 0.259171875 0.2045925925925926 0.012640624999999999 0.10037962962962962
0 0.2729479166666666 0.20433333333333334 0.013401041666666667 0.09703703703703703
0 0.245640625 0.12837962962962962 0.011380208333333334 0.06932407407407408
0 0.3394479166666667 0.29108333333333336 0.026041666666666668 0.11322222222222222
0 0.5724479166666666 0.2607407407407408 0.015171875 0.08131481481481481
0 0.7087552083333333 0.404212962962963 0.021927083333333333 0.1168425925925926
0 0.72703125 0.4048981481481482 0.02461979166666667 0.11821296296296296