0 0.341796875 0.8816916666666667 0.08723958333333333 0.15714166666666665
0 0.5325520833333334 0.6920416666666667 0.07291666666666667 0.1945
0 0.47524479166666667 0.4305333333333333 0.028093749999999997 0.13214166666666666
0 0.499359375 0.43278333333333335 0.030432291666666667 0.13064166666666668
0 0.3153489583333334 0.4444083333333333 0.03136979166666667 0.14939166666666667
0 0.21186979166666667 0.4803583333333333 0.03136979166666667 0.150875
0 0.19478125000000002 0.4709916666666667 0.024348958333333334 0.1726
0 0.095046875 0.46574166666666666 0.03183854166666667 0.16210000000000002
0 0.03863020833333333 0.5132916666666667 0.022005208333333335 0.092375
0 0.07304166666666667 0.5020583333333334 0.05525 0.16730833333333334
0 0.25049479166666666 0.9072833333333333 0.07098958333333334 0.10213333333333334