0 0.4541302083333333 0.6512037037037036 0.033937499999999995 0.13452777777777777
0 0.6443177083333332 0.5728796296296297 0.023093750000000003 0.10183333333333333
0 0.6187604166666667 0.5686203703703704 0.030083333333333333 0.0950462962962963
0 0.70178125 0.5703425925925926 0.027630208333333333 0.1604722222222222
0 0.7539739583333334 0.5863703703703703 0.03517708333333334 0.16669444444444445
0 0.7098020833333333 0.48660185185185184 0.022359375 0.1289814814814815
0 0.8072395833333333 0.4410277777777778 0.014734375 0.04253703703703703
0 0.6889583333333333 0.5136111111111111 0.013796874999999998 0.08329629629629628
0 0.672390625 0.4973611111111111 0.020989583333333332 0.10740740740740741
0 0.525703125 0.6091851851851852 0.04268229166666667 0.07409259259259258
0 0.7538125 0.37642592592592594 0.014390624999999999 0.07033333333333333
0 0.7721614583333333 0.37484259259259256 0.013302083333333332 0.06862962962962964