0 0.6378541666666667 0.5738148148148149 0.019265625 0.10058333333333333
0 0.6578854166666667 0.5784907407407407 0.022302083333333333 0.10330555555555555
0 0.674921875 0.5801203703703703 0.024890625 0.1118888888888889
0 0.6172395833333333 0.5756018518518519 0.021958333333333333 0.10019444444444443
0 0.8858072916666667 0.5029722222222223 0.017953125 0.11216666666666666
0 0.9124218749999999 0.5172592592592592 0.024708333333333332 0.1220925925925926
0 0.7749895833333333 0.4364166666666667 0.019671875000000002 0.0883148148148148
0 0.8034791666666667 0.4386388888888889 0.022677083333333334 0.09275925925925926
0 0.8202604166666667 0.38466666666666666 0.015770833333333335 0.06742592592592592
0 0.832171875 0.33083333333333337 0.010750000000000001 0.05037962962962963
0 0.8675520833333333 0.39199074074074075 0.012015625 0.06998148148148148
0 0.8815833333333334 0.4277314814814815 0.014322916666666666 0.08178703703703703